-128
-86
-73
-18
-69
-41
-50
-120
51
-35
-94
-115
-88
36
-44
-116
-87
52
-81
-81
-91
86
36
-8
20
-115
-77
-71
-41
-149
-130
-55
-115
-43
-110
-70
-54
26
-49
-13
-90
-122
-71
-52
-147
-11
-13
-90
-92
-38
-37
-85
50
22
-110
-138
-54
-137
12
-65
-63
0
7
82
-53
-61
-71
-39
118
-75
-135
-62
22
-36
-75
29
-107
-92
-100
-119
-36
-94
31
38
-86
-54
-33
-78
89
-95
-75
13
-98
-25
4
-139
24
-4
65
-110
-25
-2
-112
-45
0
-132
-22
-140
55
-20
0
-152
93
-45
-213
-78
-56
-162
45
31
-50
-5
51
-20
-16
1
47
-198
-124
-19
59
-253
-31
-80
5
95
-152
57
33
-56
-118
75
-107
-32
-45
-10
-42
18
20
11
-140
-20
-5
-127
-95
-102
58
-68
18
51
69
-137
-137
-51
-124
-114
-57
-56
-116
-49
134
-80
-52
-132
-56
-128
-201
-69
-79
-31
47
-6
-72
-193
-118
1
18
-127
232
-153
-107
28
-45
-27
-44
-24
-23
-25
-104
-82
-100
-140
41
-37
-77
-2
-75
33
-71
69
-63
-6
79
-113
-45
4
-137
-216
-91
-89
-204
-52
-12
-30
106
-53
-36
14
-92
-80
-90
-114
-58
19
-52
-88
-125
-101
-92
-17
-88
113
-89
-64
5
75
-110
68
-18
-72
-9
-120
-58
-47
-60
17
-91
-12
151
-96
-16
-9
13
13
-103
48
-140
-171
25
-115
-15
-61
-23
-184
39
-43
-45
-110
-77
-57
89
-98
-43
21
-90
-6
-99
71
-51
-109
-65
-167
-16
20
18
-89
-172
-109
-70
87
-113
-132
-83
-89
-16
-86
-28
-84
-85
-17
19
-121
-143
-40
-32
-78
-28
-28
-51
-185
18
20
-43
-121
-22
-160
-10
41
24
4
20
-16
89
-62
-71
62
-115
-74
12
-81
0
-144
-77
-98
-31
-154
-65
-13
-88
36
19
-45
-50
-55
22
1
-55
-59
-7
-41
143
-76
16
-17
-50
-44
-118
-54
36
-42
-97
79
26
-95
-24
-5
-86
-25
55
-12
-58
-15
3
-13
-136
-147
-23
-102
-30
-73
10
-29
-123
-12
-21
-39
46
-177
17
-8
0
-117
2
-176
-11
69
-21
-22
-34
40
-74
-92
-50
-31
104
-238
-47
-17
-22
-22
-103
-76
43
17
-104
-95
-174
-79
-87
-38
-173
-2
-114
-56
-69
110
-59
-68
35
-41
-26
-113
90
-91
-150
-44
-174
-19
28
7
10
-18
11
35
-90
-106
-31
-37
-46
-22
4
85
-70
-49
-43
-102
-12
-15
-78
1
-19
-4
-95
-131
-9
-5
77
-209
-64
-77
-41
-65
-51
-24
69
-43
-177
-35
49
-59
-86
21
-140
-112
-42
-61
17
-79
8
-52
10
-40
-45
-18
-67
-122
29
-67
-156
38
11
-87
-103
-43
-22
-135
-51
-135
15
-40
-34
-14
-23
53
-66
-194
-13
-139
-107
11
-60
-2
-97
-154
-128
84
-143
83
-157
-171
-95
87
-20
-3
-1
-68
-46
-13
-194
20
-200
31
15
-48
-202
-44
-53
23
-29
-22
-46
-206
70
16
-16
-94
-28
22
56
-129
-56
-23
-22
-221
-84
-123
-44
-31
-105
-62
-89
21
46
-30
57
-31
-23
-125
-180
-26
-35
-51
24
-108
-118
49
-92
-111
72
-61
-66
-167
-119
-56
3
-71
37
-47
-63
-128
-40
91
-56
33
-86
-59
-32
120
-31
-185
-86
129
-98
-6
40
-4
-9
-33
24
31
-101
-70
-57
-158
5
-81
-122
-100
-77
-68
-42
-243
21
-24
-77
-45
-75
36
83
-65
34
77
-84
19
-119
64
-37
-5
-99
-68
54
24
74
-115
27
-162
-141
-206
8
-39
3
-95
-9
34
-85
-176
-67
5
-135
1
17
49
-100
-59
-143
-88
38
30
-16
-129
32
-15
-118
-62
-109
26
-11
-3
-13
-16
-21
-29
22
60
-39
-15
-87
49
-7
-38
-48
85
-60
85
-43
-29
20
-4
-78
59
-171
64
-11
-133
-45
-100
-81
1
-5
9
-94
-108
-35
12
-103
-74
-88
-63
30
-198
-81
-41
89
-50
-5
-61
-166
-141
5
-86
-3
76
84
-28
32
-43
-22
57
-90
-169
46
-159
-103
-25
-77
97
-37
-147
-67
-59
60
-48
-74
-129
-20
48
-79
-109
67
-65
2
-63
-124
-188
4
15
-37
-140
-51
-68
-51
-96
-40
-52
95
90
-29
48
54
27
-42
-8
-77
-151
-124
-49
-85
-30
-112
-105
-40
32
-72
-103
-69
-30
-105
-169
28
18
-92
-85
-60
-72
-29
-113
3
-132
49
-79
35
-7
-49
-88
-52
-63
-93
-46
-2
-110
-137
-42
-185
11
-58
-75
-61
-88
-53
-8
1
-163
16
-167
-162
31
-106
-1
-8
-56
111
-43
14
-49
-2
36
-153
-30
-117
50
-51
40
100
12
-92
-117
-169
-41
-97
158
-106
-138
-103
-103
-129
17
-40
-8
-84
-56
37
-81
29
-53
-130
-19
27
48
-96
-29
-15
-63
-13
15
32
-64
-65
-103
-66
-130
-77
-48
-54
-8
-71
4
-141
-40
101
107
48
81
-91
-77
-10
-166
35
-141
-39
-16
-24
2
-52
-60
25
-53
-59
-24
-49
11
-64
-21
-77
-114
31
-56
-26
-2
-52
40
-12
-29
-79
-171
1
-82
-74
-31
-53
-42
-149
2
-36
-27
-137
-66
-68
-115
23
-120
-83
-84
128
-100
-45
-50
1
-44
-43
-43
30
-84
-135
77
-77
3
60
-30
-60
-76
-116
49
-74
-99
-112
-51
-106
0
11
-1
-118
-58
-154
-130
21
38
-145
-164
16
-215
-64
0
-18
-234
10
-109
80
6
54
-153
1
16
-90
-29
-98
-103
-81
-94
60
-42
-105
-58
-119
-34
-82
-33
-45
-91
1
9
-150
-52
-1
-115
-58
-67
-138
-76
-9
-21
-35
141
-194
-65
-56
-23
17
-139
-81
31
-64
6
-8
35
-38
-193
-30
38
10
-36
-36
107
11
-9
-22
-114
-66
-13
17
52
73
-49
-166
17
-55
-85
-199
-98
-68
54
-17
-96
-157
45
-41
-74
-106
-187
-42
33
-48
-47
-50
-26
-65
5
-67
-16
-87
-19
85
-66
-48
-101
-24
-145
-25
38
100
-140
75
-37
-4
58
-54
-13
-25
-37
-3
6
-71
34
-50
-90
-71
-8
-38
-37
-65
-5
-170
-83
-119
-45
-48
91
-29
5
66
-8
-127
-30
-134
-114
-118
15
-31
145
-129
34
-123
46
-78
2
-37
-39
-100
-52
-124
52
29
-36
-54
-6
114
-90
-146
-54
-25
39
-83
-97
-40
-72
-87
-68
-127
50
-173
-171
-98
-114
-28
40
-43
-127
-49
7
130
56
-71
-127
-183
-94
-123
-43
-41
-62
105
-110
8
-38
2
-7
-98
-76
-84
-61
-13
-36
-94
-103
-46
-89
-68
77
-80
-21
128
-173
27
-98
-7
12
-34
24
-69
-23
38
-275
8
-218
-35
-169
-60
-105
-99
-143
-29
-171
-132
-26
-162
-80
4
-197
-46
-88
-4
-18
-95
-69
-93
-97
-1
-48
61
-29
-9
33
-127
-74
-138
-87
-6
8
23
-15
25
-80
15
-79
-150
-66
-40
-13
30
-167
-2
-83
-44
-16
25
17
-74
-24
12
-63
-92
-63
-4
17
-92
-152
7
-36
-25
-13
-147
37
-62
-153
40
-25
-109
-165
-138
-42
-67
-116
-86
-57
2
-90
3
-26
113
-127
-16
20
-35
-92
-119
44
44
-30
-90
-40
-90
-214
-153
-44
-102
-58
37
-39
-82
-173
-35
-161
8
-52
68
-79
-131
-92
72
-46
-7
-83
41
37
91
-38
-107
-17
-77
-66
-79
-73
-18
-160
-37
-208
38
-47
12
12
-128
44
-142
-117
-110
-68
81
3
-95
47
-134
-51
-72
-27
-115
-76
-3
89
-22
-58
8
64
91
-45
-140
-90
-104
-91
-110
9
-55
114
-152
-82
-17
-151
-86
87
-24
-107
-35
62
-34
-43
-40
-10
-90
29
-50
77
-104
-57
-30
84
64
59
-124
-61
-72
-26
22
-77
34
-126
64
-30
-105
-53
13
-98
-82
-34
2
-53
-149
-45
-70
135
-101
-55
-13
-37
75
-122
-43
-42
-70
-106
-70
110
-159
-53
80
-114
-89
-11
6
-191
-192
-27
-12
-80
-252
75
-91
36
-120
-140
-49
-226
-150
-16
-83
-3
-22
-24
-205
-126
-53
-89
-147
3
-41
-33
-125
-47
90
-14
-44
-69
-31
-7
-150
-52
-109
-86
-41
-130
71
-72
47
-262
-49
-64
-192
-179
-46
-3
20
-106
22
-43
-30
-39
-8
-45
-33
-53
-34
51
0
-161
-46
-33
-75
43
-163
-44
-84
-24
-86
2
-21
21
-111
8
-64
3
1
35
-63
-3
42
-28
-36
-38
33
-45
4
-63
-82
-142
-127
25
-113
-50
-62
-69
-2
-126
-107
-28
38
-82
-19
6
-129
-9
-23
-40
-10
-143
1
-101
-73
64
-71
-122
-54
-1
-1
30
-49
42
-57
-11
-41
-33
-99
-14
-25
-77
106
69
-103
-61
-15
-31
69
-19
74
-76
-84
-66
-66
-13
47
-35
-67
38
-18
-91
-91
-83
39
-83
-33
5
-5
-81
-140
25
-40
72
41
-34
-39
-55
118
115
-99
-153
1
74
-96
-92
-102
-52
-96
69
16
50
-83
-113
18
-141
23
-75
4
-83
31
-29
49
-87
16
-63
-175
-138
-77
12
-28
57
-101
-95
9
-145
-75
-170
-168
-65
-50
-139
18
45
-86
-101
-70
92
-53
-140
-111
-165
-6
12
52
-194
-23
-58
-77
-139
-107
-94
12
-38
-136
-59
-26
97
-155
-110
-68
-77
20
-102
8
-62
-87
75
-44
-87
-53
25
-136
35
147
-86
-68
-98
-65
-60
-8
14
-49
-145
-91
-179
-109
-163
-67
-27
-64
-176
-56
-60
26
-85
-44
-101
-77
-105
-1
-79
-4
-124
-91
-78
-48
-84
21
-126
15
66
-231
-109
87
-95
-25
40
-32
-90
-76
50
-25
-29
-45
-87
-95
-2
17
-81
-4
-61
-27
9
-87
194
-200
-33
58
-123
6
-33
72
-10
5
-52
-135
-72
-32
46
-119
-59
-213
3
-58
-17
-112
94
-97
-28
-60
-25
-141
-65
7
74
-73
112
13
-116
31
17
45
-75
-70
7
102
-17
91
63
-93
-32
-83
21
-115
-22
-2
-41
-32
67
29
-55
-48
-98
-51
-8
-83
-56
15
-44
-4
86
-102
17
-44
52
8
-94
94
-92
-44
-7
12
-55
70
48
-28
-80
46
-131
-90
-47
-30
-131
-104
100
-15
-42
-49
-3
-42
-57
-113
-67
-25
-72
-171
-44
-116
-57
-31
34
33
112
-123
-34
-114
-179
12
-115
-136
25
-186
15
28
51
-56
-34
-185
-136
-9
92
65
-69
-98
71
-28
-44
25
-4
55
-142
-54
-4
105
32
-64
34
-45
0
-92
-6
-19
-93
-67
-62
0
-155
-101
-64
-13
-155
-103
6
-57
-70
48
-98
-83
-56
-65
-35
-130
-9
-38
-98
-97
-99
-60
-25
-131
-175
-35
7
49
154
-49
-18
52
39
-37
-6
26
-71
-37
-114
89
39
-74
-188
52
-115
-30
-20
28
-100
-170
-61
43
-77
-64
78
-15
116
-46
59
86
-33
-133
-102
118
25
11
-63
-77
-70
-119
-136
-78
-2
25
-48
-60
-44
40
-12
20
0
-31
-127
-39
-74
-147
-127
-28
-136
11
-142
-187
43
-77
-38
-23
-165
-61
59
-84
-197
67
-103
-190
-22
-133
-32
25
-100
-32
-40
-26
-58
-72
-89
-35
-17
-39
24
-59
-99
-53
-138
-83
38
73
-102
-91
40
-63
44
-64
6
-25
-121
-24
-22
-104
62
18
-44
-8
-34
107
28
-65
-51
59
-26
-47
-95
23
-86
3
-37
82
-88
-64
-75
-67
-85
-123
27
39
-33
-67
-9
-12
-82
100
-17
54
-185
-155
37
-74
-83
-188
92
22
-75
-48
-11
41
-69
-77
-69
-26
-72
13
-103
-8
-40
145
-8
-28
83
-147
21
-37
-45
17
-113
-65
11
1
-80
-22
-89
-90
-166
-57
-135
14
-72
81
-33
59
-96
24
60
85
-19
-149
-125
-93
-28
-25
33
-34
30
62
29
18
-53
-48
-11
-62
-221
-93
22
-11
-67
11
-41
-21
-127
-123
-107
-162
93
-14
-57
25
-43
-121
56
21
30
-65
78
-103
-28
-47
-93
-130
-66
10
-110
-83
3
-114
-10
-7
-143
33
-75
-54
-25
-55
-83
-67
-63
43
-69
-66
6
9
-90
30
70
-28
3
-44
7
-148
-83
13
-90
-66
-46
64
-84
-98
8
30
3
-114
-24
53
35
-200
-79
-141
-177
-12
57
90
-77
-43
-80
-77
-37
-126
-60
-68
-16
-57
-36
46
-108
-215
3
-109
-82
69
-90
-66
-128
65
-174
98
-87
-150
-60
54
-135
68
-197
71
8
-6
-33
-21
-52
-117
100
-68
-84
-55
-89
23
-67
0
69
-66
24
-13
119
-62
-136
-7
-103
4
-24
-15
-56
121
-4
-36
-65
-141
33
-38
-138
-42
-51
-97
27
-5
-176
-39
-160
-43
-17
-217
-207
-116
-24
-120
52
-6
-16
21
-129
-209
-100
-66
38
-54
-39
-106
15
-137
74
-112
25
-9
-85
30
-118
-130
-92
-29
-116
-46
-45
-43
-68
-137
96
-103
-150
-48
39
-104
-56
-28
-82
-30
-40
-136
-22
-107
-26
27
16
-12
-146
18
-64
-149
-48
-62
-196
-98
5
28
-103
-13
-65
-37
-65
-37
-61
-20
-29
-59
-35
-2
-2
-122
-125
122
-11
-114
-29
-3
-152
-104
-124
-14
-8
-60
-6
-48
-129
33
-16
-73
-72
-41
-38
-44
-96
9
-49
-85
-72
-88
-28
-137
-55
25
-15
2
45
34
-12
-56
-62
-53
-68
-23
-54
-3
-73
-18
-95
-14
97
-42
-41
58
-10
-99
-44
-10
-33
76
93
-170
98
-74
-32
45
-73
-107
-73
-49
76
-45
29
-101
-38
-53
37
69
-24
-33
-6
73
-76
59
-61
-69
-208
-101
-57
-148
-133
-122
-92
-30
-62
-42
-43
-75
-147
28
-50
-10
-186
41
-110
-5
-61
130
-58
-47
-135
-108
-24
4
-70
-155
-69
-54
-35
9
-13
16
-24
-115
-70
-45
47
0
38
51
62
-64
-19
-36
-108
-91
-75
-129
-55
49
75
-22
22
-124
-47
82
-23
-70
-103
-26
-13
-89
92
-60
-35
-88
-127
66
-36
-76
-66
11
17
-190
68
-8
-33
-164
-40
38
-106
-95
-49
-13
-64
10
-80
-74
-72
-139
-24
-138
56
27
47
-229
-14
98
-175
-1
-50
-130
-71
-153
-55
14
-49
-145
-80
-126
33
-143
-129
-102
-57
-128
45
10
-30
36
10
-26
-26
-178
-6
-100
-22
-74
54
41
99
-24
50
-110
-69
78
-62
-94
-84
-134
-24
-129
77
-63
-45
-7
-131
-105
-12
77
-106
-5
-44
-34
-25
11
-38
-96
61
-78
-101
-175
-11
-108
-91
-87
3
52
-103
-27
55
-23
-82
-116
-154
-33
-65
-159
-10
21
-135
-125
-126
32
-142
35
-66
-130
29
16
102
-51
-52
36
-42
-50
33
-10
-23
-99
-20
-25
-93
-27
-37
57
-65
-48
-75
-55
-6
42
-14
30
-146
64
-22
-112
-122
114
124
86
-58
-48
-12
92
-20
-12
-41
-126
-47
127
-48
-1
7
-193
32
-5
-31
-122
-94
-130
-19
-22
-51
-104
-15
-96
-134
-102
-47
-154
-122
-50
-87
-31
-109
-31
-36
-191
-54
-55
-147
-109
-44
-74
-275
-136
-36
-57
42
-236
24
-88
154
-126
-94
-23
-8
20
-13
-9
-140
-151
-126
20
43
-86
-143
-3
-69
57
85
-51
-174
33
-174
-17
-39
-143
143
-102
-82
76
-59
-22
-37
-78
-106
-24
60
71
-43
-45
59
18
95
-23
111
63
-36
-138
20
17
22
-118
-34
-87
-45
-62
49
18
-10
28
53
-109
35
-76
-112
-84
-97
-36
-142
-122
-19
-17
-75
-93
-77
-37
-26
-76
-34
75
-195
-153
-165
73
-162
0
19
34
-13
62
36
26
3
52
-31
-147
-40
-77
-196
3
-8
-77
146
3
-39
-38
-40
30
-8
-76
25
2
-43
69
-5
0
-80
-168
-10
-81
-63
-1
-25
-57
37
-8
-67
97
48
-48
-103
-84
-168
-51
-65
-135
-23
42
11
-26
-151
5
-29
-116
-24
-96
-28
-18
-31
-58
113
-38
69
-108
11
-85
1
-15
98
-102
149
-22
-153
-28
-4
-54
-105
-4
-36
-64
-13
-112
11
-131
-39
63
21
-78
-30
-12
-116
-58
16
25
20
19
-110
-53
17
-68
-30
-41
-67
-18
-89
-85
-56
79
31
-96
10
-52
-154
-18
-85
-12
1
8
-49
-12
-135
-87
41
-43
-88
-102
-47
-29
-61
27
-12
-111
-86
43
-139
73
23
-92
80
-63
-41
4
-113
-119
-75
-94
-12
-152
-137
-108
-122
-15
-279
109
-85
-32
1
59
14
-58
-39
-43
-7
-138
90
-125
-39
-102
-34
-135
-54
-39
31
18
-77
-45
-91
30
-44
-97
-133
52
126
-96
-90
-173
17
41
-131
-100
20
-53
-143
79
47
-26
61
-32
-107
-110
-179
-107
-75
36
-77
-71
43
-21
-238
17
96
-97
-18
-40
-51
-59
-129
-43
95
-100
-52
-1
92
-84
6
151
-21
78
9
-61
-150
-69
-69
39
23
-86
-225
58
-142
-106
-73
-34
-64
13
-77
-191
-60
-7
-79
2
-41
-19
67
-144
-281
-68
-167
-132
38
14
-36
29
69
-41
-96
-47
-31
-45
37
15
-102
8
-1
-128
50
-5
-106
25
-46
-106
-66
-49
-89
41
-43
-92
-150
-7
59
-3
27
-24
-50
-87
56
-34
-25
95
-80
-118
-120
-106
-114
104
-91
71
-99
-6
60
5
-43
-12
44
-119
-19
-14
23
-138
-58
-309
37
-63
-119
-3
-20
14
-112
106
-64
-24
35
-114
-34
36
76
-78
7
134
-10
-27
-119
-79
-44
29
-99
-134
-53
26
28
4
-174
32
-31
78
6
-49
25
-33
-225
-220
-137
-76
-48
-22
80
41
-125
49
-52
-92
-83
-25
-78
-78
23
-31
63
-3
-116
-97
-16
-107
18
-21
-20
54
-154
-117
-57
-40
-21
-172
-165
-60
-71
-11
35
-21
-79
-37
-59
13
11
-21
-57
-20
-237
36
11
-92
-231
-5
-154
-18
-31
82
-105
-104
-58
-227
-158
-162
-66
54
-17
42
31
-26
114
-8
-103
-147
66
-110
-43
-22
-92
-111
-6
-83
-48
-3
111
71
23
7
-122
55
-116
-112
-106
-193
6
-79
-50
17
24
-179
-2
-90
-14
17
-45
-8
72
-44
45
127
-159
-38
-83
-8
-52
-9
25
47
-104
-45
-67
-113
33
-49
83
-18
-7
45
-26
38
-83
-69
-77
-50
-32
-3
-144
-38
-61
-131
-76
-58
-31
-194
9
3
-26
-6
-162
24
102
-82
-60
-8
-102
-5
-38
54
-30
45
-34
-53
-4
-141
24
-56
-91
-115
-89
-152
-154
-84
73
-24
-25
-54
-84
-152
-82
52
-148
7
-15
-78
-46
-2
-39
-100
-68
-3
9
-110
55
-159
-2
-44
-95
-11
-88
-48
-71
25
-40
-51
-122
-27
33
-109
6
-38
-90
-129
-32
-71
-38
-130
-126
11
16
-103
55
78
-38
-44
-118
-187
-43
-11
-11
-158
-172
-32
-60
-175
95
-60
-39
-121
90
30
1
-73
-95
-85
-15
-117
-21
-138
-8
-88
-23
-109
-9
-65
-75
28
-45
73
-86
-55
-39
15
-25
-43
-174
-35
-106
-18
-147
-82
-91
-107
14
-107
-15
48
-145
11
-52
-133
-94
-110
-218
39
-136
-60
-61
-95
-66
-41
-48
38
-11
-10
-242
-2
-51
-64
34
-120
-65
12
-49
-35
1
-103
-16
33
-11
4
111
-127
44
-32
20
-79
-22
124
-234
-130
-40
-114
-21
-67
-96
-130
-175
-135
49
-99
-41
-181
-85
30
-55
-52
37
31
-22
-108
-6
11
-131
-118
-87
-91
22
-55
-71
-11
-54
-6
33
-161
-9
-48
61
-146
-61
34
63
-77
-65
-123
-72
-47
-88
29
-63
21
-147
-35
-247
-86
-53
-13
-104
39
-135
-49
-172
-14
-155
-91
-124
-31
22
-29
-50
45
-69
-190
-140
-3
-78
14
-99
35
48
54
-67
-90
27
39
-47
129
-21
-74
15
-66
36
-9
-68
91
113
-7
-57
35
-154
-69
-89
-29
-161
-114
-89
-118
-2
18
-14
-184
-132
-121
-8
-66
-37
93
12
-146
-3
-16
-44
66
-56
-91
78
-6
-58
-3
-39
-119
-189
-66
-26
13
-51
44
-94
14
21
-141
-139
-83
24
3
-6
35
-100
-87
27
-143
98
-121
16
-90
-24
41
-42
18
-62
-93
69
-63
-18
-4
-57
24
-112
19
-123
-77
13
-112
-64
-186
145
80
40
54
-84
-30
-10
44
-3
33
-32
-17
-59
-8
-64
-57
-75
31
-58
28
4
-60
-39
-160
-35
-47
59
21
-123
-145
27
-128
-12
-125
-172
69
-85
-26
-45
-41
57
-66
-73
-62
13
-62
-93
-88
56
-99
-40
-48
-79
-66
-92
-66
158
38
-128
-131
33
71
-67
-58
-33
43
-95
-105
-99
-185
20
-29
-254
-1
-118
-55
-92
9
-49
-36
-18
-174
-26
63
-74
-45
-108
-53
-26
-152
-81
-112
0
-80
27
-18
-16
12
51
-33
-125
-156
-81
-45
-107
-70
32
-132
-173
-72
-87
58
-32
-13
-93
-116
7
18
0
-82
-76
-16
-69
13
-36
-68
69
-75
-137
23
35
-118
-42
-104
-22
-77
-158
-34
54
50
43
-55
87
-67
-4
-87
-82
-2
-57
106
-126
66
-96
-146
-61
-143
-27
-122
2
-72
-77
2
-53
-106
104
-43
-23
-11
-13
-71
-99
32
-78
-98
31
-29
-32
23
-17
-58
-101
3
-80
-47
11
-30
73
-45
-97
-102
-20
-36
6
0
-41
48
0
30
-38
-68
170
-46
-183
47
-168
-39
-158
-82
48
-170
-36
-160
-168
-85
-114
-98
-90
-151
74
-62
-75
-160
2
-96
37
0
-18
-58
-82
55
-100
76
-148
-171
-58
-101
125
51
26
9
-117
-101
-14
-112
12
48
-73
-98
-74
15
13
56
95
-124
-60
-61
-115
4
-45
-98
-40
8
-130
31
-66
-12
-115
-25
11
-54
-117
26
-1
-22
-2
-99
-111
14
9
-136
20
-42
-88
0
-90
5
-54
36
-6
-70
-57
-94
-124
9
-143
-190
-1
-191
-72
-65
-13
-137
76
-51
-201
-76
-26
-82
39
-156
-48
-96
-26
-6
-25
-103
32
28
1
-103
9
-39
-93
48
-93
14
-54
-108
10
-72
-105
-138
-98
-57
-85
-43
-75
21
47
-184
-144
-40
-29
-63
-110
7
-15
10
-107
-57
-218
41
22
-53
-92
-140
-71
-12
-30
-78
-32
-71
-44
-43
-212
-188
-94
-203
-102
56
-39
-73
-104
-132
-27
-29
-73
-136
-54
-23
-150
-40
-28
19
58
-12
-32
-66
-102
-42
-125
-160
-163
-61
91
-138
-15
-4
-13
-13
-109
-54
-37
-130
-130
-138
-59
-75
-106
-92
65
-91
-81
-62
-108
-59
-109
-97
-64
-176
80
-33
-101
-91
34
-176
-31
-129
-41
-3
-90
-79
-91
39
-79
113
-28
-11
-143
-26
-19
32
-88
-61
53
21
20
-37
-149
11
101
-127
-5
-143
73
1
-141
-12
62
-9
-123
-104
-27
25
-66
-67
-41
5
42
-62
-28
-94
-32
-169
39
-130
-13
-140
-9
-98
-83
-9
-110
134
23
-26
-34
56
-81
-62
-41
61
-41
-31
-123
-152
-15
-91
-29
-117
71
-162
-27
12
-170
-57
24
-28
9
-106
-37
120
-31
-99
-39
-50
-87
-12
-56
-71
-39
-38
-71
-93
-92
7
87
-12
-2
-62
-68
-36
-7
-75
9
-23
-7
-77
-7
1
90
112
45
95
9
-100
-25
11
28
-116
10
102
-123
-114
-98
21
-95
37
-1
-104
-151
29
-92
-103
-51
36
77
104
18
-67
-110
-69
-25
-57
-144
58
6
-38
-105
15
-34
16
-75
66
97
-144
-101
-195
-104
-20
34
-9
-189
-60
-92
-129
25
-137
-115
-53
-48
-51
-24
-42
32
32
-41
-14
-10
-122
-56
-104
-95
62
33
-112
-40
57
-52
-23
62
-96
-125
-94
-112
-28
21
-173
-10
-171
-9
-10
-18
-43
89
-170
-111
-40
-64
-106
1
-63
-148
-93
-50
40
-109
-162
-194
13
-71
-12
8
-77
-122
-78
30
-6
-63
-31
27
-101
-123
-112
-58
29
-58
-18
-48
-100
115
-66
88
-37
-49
-133
-34
16
32
-127
-20
-30
89
51
6
-10
19
-89
25
25
-38
18
-20
-57
-71
-22
-8
-135
10
27
100
-104
-5
-83
-7
88
-1
4
44
-40
-65
-46
-62
-189
-28
-14
-8
-10
-10
-39
49
-137
-118
-32
-144
-11
-23
-122
65
56
-5
9
-65
-20
-79
-43
27
77
-27
-18
-9
-95
72
-174
-50
-47
-134
-59
-55
-101
-83
75
32
-105
46
-76
-105
-75
-36
-104
30
-44
-101
-128
-72
-113
-79
-16
-172
-10
-103
-110
-120
-97
16
-105
-26
29
-143
147
-101
-51
-80
-88
-160
74
-108
-76
-123
-5
5
-102
-14
-36
-171
-4
-108
-36
-132
99
-83
98
-51
-72
-73
-74
90
-92
128
-133
-90
-10
23
-55
-60
-82
-160
11
-19
-54
-130
42
-182
-135
-152
-78
-1
-150
-225
-46
-45
-71
-59
-131
-43
-180
-35
-64
-46
-136
-22
21
-24
-134
18
39
55
-9
-67
-97
-132
-58
-56
-59
-61
-167
83
-75
71
-4
-66
-73
47
-16
-94
-128
45
-123
-16
-85
-65
-4
3
-258
-118
-48
-94
-60
-8
7
-26
-81
-174
-120
-33
-68
50
32
49
36
0
-59
30
-115
-11
-69
-86
-85
24
4
-58
73
0
-138
-128
-83
-89
-100
-109
-9
-86
-67
-16
-51
73
-173
31
-64
50
-95
-144
-27
-128
-14
-75
-71
28
19
9
-103
-25
-34
-30
-31
-33
-63
-89
31
-80
-53
13
29
-28
79
-83
7
-28
-8
-37
1
-190
15
-159
-11
105
29
93
-18
-66
-39
-118
-297
-190
-9
-57
-27
-93
-43
-72
41
-127
124
126
-43
-146
-49
51
-28
-100
-38
-6
46
47
-85
-100
-144
-99
-9
-16
-148
-13
-26
-10
-74
-29
-16
-50
-66
52
-69
-88
-85
-17
-91
-129
-59
41
-90
-34
-7
-46
-133
121
-60
58
16
52
-106
-108
-13
-42
30
-28
31
-29
-109
-87
-44
-153
-131
-139
-45
-45
-33
-154
119
-8
27
-76
40
80
-10
41
90
-59
-44
-52
-46
-37
-82
-54
-11
-67
-19
-145
67
-37
10
-40
11
-35
-64
-81
83
-28
-176
-98
0
-39
-218
-30
-20
30
-76
-103
-73
-118
-45
-54
-1
9
-74
-131
-12
-113
-74
34
-111
-105
-181
32
-23
-136
-112
-179
36
-10
-118
54
76
-15
-15
-9
-19
-145
-28
-58
-77
-100
-26
-137
31
-183
39
39
-50
-149
-29
-25
-111
-123
-37
-32
-164
-51
-150
5
-136
-157
31
-63
158
-34
-119
-131
-38
-93
-76
-116
-215
9
108
-98
-84
9
48
-121
-16
-38
60
68
-85
-33
-122
-110
-94
-45
-9
-86
-39
-99
-77
-46
17
-21
-9
31
-1
-50
115
-11
-101
-39
61
-158
-30
-98
29
35
84
-94
-67
-3
16
-122
-27
55
-87
17
-69
-62
-77
42
-101
-48
19
-62
8
-65
112
86
-65
-73
47
29
43
-60
3
83
-39
-104
57
-3
55
-30
-63
1
32
-170
16
-50
-29
-42
36
93
-32
-2
59
-39
36
-48
-145
-128
-40
30
21
-112
-85
-186
-84
10
-41
-85
-41
-123
13
0
-88
-87
30
-52
-35
-106
-96
-115
-13
-15
76
17
-86
-79
-67
41
15
-245
-17
34
-53
-56
-98
-71
-143
19
-121
103
-40
-73
-111
-74
24
-22
20
-6
-45
-57
-61
-15
-28
-120
-36
59
37
-37
-37
-75
10
50
-33
-190
19
5
-50
-59
145
-4
31
64
-12
-79
48
81
-51
-103
-108
-160
6
95
-202
-82
-150
52
1
-19
-30
-34
46
-109
-108
-77
77
30
-58
-3
-169
-217
17
56
7
7
-6
-97
99
-51
-1
56
15
-4
-48
-61
-38
-34
-48
-63
46
-112
147
83
-114
16
-72
64
-63
-39
-16
-177
7
71
-7
-13
-16
-182
-107
-78
-6
30
18
-111
-1
-61
-14
-100
4
-123
-27
12
34
132
-151
-60
-77
-34
-91
-127
6
18
64
-69
-132
-120
7
104
-36
-6
-6
-48
-107
-137
-111
-103
33
-215
12
-47
-17
-120
-39
-29
-82
-94
-125
-49
-147
-78
-219
-38
207
10
112
-122
-46
50
-42
-53
-98
-97
-18
-40
100
-123
-163
-23
-39
-76
-108
-63
-76
-133
-61
-115
-13
-41
-90
-54
-14
-11
-131
76
-1
-96
-37
34
33
-113
-23
-111
-97
-48
28
-91
-65
40
-95
-159
-96
91
41
-88
25
-249
-50
57
-170
57
-82
-103
21
-125
-113
-1
17
-44
-49
26
-99
-73
18
73
0
-57
-32
63
41
6
6
-151
8
77
-34
0
4
-18
27
-59
31
45
-42
-37
-77
-107
-96
38
-185
-175
-97
-94
-32
-186
3
11
-129
-17
-71
-55
-41
-90
43
116
-43
-101
-140
43
123
-128
-58
-37
49
-55
-57
-39
-86
-121
-48
-23
-70
36
47
-76
-1
34
38
-21
-101
-102
-51
-10
-35
-11
-64
67
-72
-108
11
-35
22
-97
-50
88
3
-44
77
104
-88
9
-11
109
-57
-56
-136
-24
-80
83
7
-79
1
-132
-92
-30
-40
101
-109
-11
-12
53
-42
-105
-92
-122
-49
-49
73
16
-88
-27
-50
22
24
-28
-118
-106
-84
-86
-168
22
-84
-119
37
-78
-38
-127
105
-82
-79
22
-27
-49
-77
18
-124
92
11
-12
-90
-36
65
-20
-62
-28
-124
-158
-3
69
-56
-107
44
-49
-105
9
-6
-108
-171
-20
-78
-31
-65
-119
-51
39
54
12
-80
-81
-63
-43
-94
-106
-63
-39
-180
-18
52
-36
-116
-25
-33
106
-46
56
-3
-1
-10
-168
100
61
-79
40
-41
-28
75
37
0
53
167
-44
-28
47
-94
123
18
48
81
108
-76
12
-17
7
28
35
-78
-8
-114
56
66
80
-45
-40
65
-30
-36
-47
1
8
-4
-16
8
20
-185
-73
-89
-85
-153
-37
0
-30
-46
22
-58
-123
-57
-114
-140
-48
-51
-28
-62
-27
-181
-40
-173
67
-54
21
-55
-42
-95
-69
-155
-17
80
-14
37
-266
-58
36
-90
53
-35
57
-83
-23
-7
-82
28
-81
-48
98
79
9
-146
-111
-32
-68
16
-91
9
-65
49
35
75
-32
-8
-109
-136
12
24
-23
-69
-66
-28
-135
-64
-59
-43
-164
-44
-18
46
-43
-190
48
49
-49
1
-160
-112
-42
-60
-200
-35
-60
-3
-86
-89
52
-113
-34
32
-46
-32
-86
-66
-132
57
-105
-128
-57
-229
-112
-25
-93
27
17
-28
-121
-9
-96
-63
3
-80
-18
-94
-48
140
-141
-7
-114
76
-38
12
-6
-55
-1
-16
1
-127
-3
-134
38
-69
-8
-95
-81
-49
-64
52
36
-123
-139
71
-126
-39
34
-30
59
-49
-39
-6
77
-45
-131
-70
-96
-77
-70
-5
-2
-69
183
96
-23
-66
-101
14
35
30
-157
0
-114
30
15
-51
-105
-17
-23
35
-7
-93
-24
-142
18
64
-170
80
-140
-48
87
8
-70
-9
58
-20
-78
-33
-33
-22
-1
-145
71
-55
-218
32
-19
-69
-159
-80
4
52
-155
75
-123
-96
-58
-32
-99
-48
-86
-40
-181
-15
38
-74
35
60
15
-68
-138
-114
-183
-24
-68
-71
94
-5
-148
-141
-126
-141
-212
-2
-161
71
-35
162
66
-22
-35
40
-3
-78
-120
-76
-177
21
-4
-111
19
173
-64
-50
-62
-28
33
-120
-4
79
-181
-51
-197
-155
23
-6
-49
0
-22
-82
-50
-123
30
20
7
-12
-103
10
-41
-147
-236
-136
-240
-57
31
-33
-106
13
-7
-34
-160
-17
-128
-1
51
-48
-72
19
-141
-67
-114
-91
0
-53
-19
-25
-28
-118
-25
-50
-144
-71
22
-75
30
24
-106
-124
-58
97
-4
-68
85
28
-100
-53
-90
-1
-107
-15
-77
5
72
7
-117
-40
-39
-57
-82
-85
-73
27
-79
33
-73
3
-92
-27
26
-208
-143
-92
-115
-68
20
-11
-77
5
-204
-67
-89
-113
37
121
30
-174
-84
-145
-131
-182
-4
-35
-91
3
-71
-127
-104
-143
6
-47
-50
43
-38
-10
-125
-78
-59
-26
-136
58
-20
-91
77
-111
-154
-8
-13
-142
87
-89
82
-36
-12
-64
-64
5
-108
-176
-26
-92
-177
5
-185
-84
-40
-92
85
4
79
-13
-87
-33
-74
-136
8
-82
41
58
-38
-50
36
-51
-82
106
-45
79
-91
-110
-77
8
-14
42
-127
-14
-62
94
-65
-151
113
-48
-175
-156
-32
20
-59
-12
-2
6
-89
-4
28
-41
-37
-105
-62
-81
-99
36
-123
-2
-124
-95
-202
-25
88
-60
-96
2
-82
16
-21
-131
-68
-28
-112
-71
-39
-84
-137
-12
-124
-63
-76
-98
9
-106
-94
-71
-34
22
-44
-136
92
-64
-36
-59
-134
-81
90
-199
-101
-154
-48
-52
68
-14
-206
-20
-26
-80
-88
-105
24
-35
14
-17
14
-54
-71
67
-88
-142
-74
-148
-193
2
-25
14
-27
-46
-40
-75
-35
49
27
-105
-33
74
-14
-82
-29
-23
43
-115
85
-64
38
-94
35
3
-51
0
108
-114
-87
-91
-156
20
-47
8
-86
7
-45
-136
-74
-69
13
-111
13
-27
-17
18
-71
38
-126
-68
-36
-2
-3
47
-55
-7
-20
-14
-81
-124
-46
-23
-199
19
7
16
-148
-124
14
22
6
-61
-142
-26
-93
-160
-58
-97
-15
55
55
-133
-129
-78
-91
-128
-14
-134
-4
-69
-46
-54
73
-105
30
98
46
-74
-35
86
93
-88
-59
-102
53
11
-62
-27
51
-44
-82
62
-30
-37
-39
-28
-37
-62
60
-52
-35
-26
-78
42
-190
-51
47
-15
35
-83
57
-34
-82
-96
35
126
-137
-92
23
-19
21
-100
69
-55
-105
2
-114
38
-221
-100
-64
-40
45
-91
0
-132
-103
71
-204
-107
21
-79
-82
-140
-59
26
-3
-97
113
-77
55
4
-7
-36
15
-137
-44
-34
-86
83
-3
-27
19
-34
-26
-96
-115
-40
-161
-50
-86
-33
-114
46
-73
-83
-76
-27
15
-169
-65
-33
-148
80
141
-51
-91
-96
48
-48
-88
-91
-119
-4
-60
25
-42
-58
40
-61
19
-6
-100
69
-75
6
67
-45
-74
-15
0
48
-23
-56
78
10
0
-40
-51
-88
-19
-51
-84
-131
112
-19
83
-64
103
-22
-51
-9
54
-3
-166
3
-89
141
-27
-89
-43
-75
-94
-53
-66
-55
-146
-4
-178
-5
-89
-5
-58
-88
-143
50
-176
1
-27
44
-75
93
8
-153
-147
-73
-20
-77
31
-22
-9
-161
-135
-11
-45
-76
-125
37
-60
-130
49
-148
108
95
-55
-14
-45
-59
-48
-113
-125
66
-15
-18
-67
-25
-13
-111
-114
-26
33
-8
23
-48
-46
-86
-142
-158
-69
-88
28
-19
67
-19
-24
-82
-178
-53
20
-21
4
-44
-175
-152
-119
39
-80
-119
-111
-75
-21
-37
-88
-53
-70
-71
-14
-75
-111
-42
-2
23
-55
-68
98
52
-92
-170
-25
-18
-46
-155
-83
-88
-169
-97
-28
53
-33
-66
99
-28
52
-114
-150
-124
-85
-109
-23
84
19
-58
-136
54
-42
-140
-61
-69
120
-9
-10
50
-45
-162
-17
-84
-16
-66
-55
-224
-93
17
-103
-15
-50
-92
48
-67
48
-14
68
-76
-30
-139
-110
-142
56
-68
36
-39
-56
81
-68
-43
30
-40
-90
-65
-127
-107
23
-3
-46
1
-145
-127
24
-6
123
-111
-104
-96
-37
-145
-13
-129
-71
-61
-144
-39
-129
-59
-90
107
42
-120
-100
-72
-210
-58
27
-76
92
-123
-82
52
73
-64
-84
41
10
33
31
-104
5
-71
-31
-78
-27
-18
-80
-1
-44
-66
-57
-90
-72
-71
-6
62
-55
45
-59
-64
118
63
-134
-50
-26
10
10
35
-9
-8
67
-162
-167
-36
8
-28
28
-76
-120
-171
-58
-24
-33
-85
-45
-29
3
31
5
-81
31
-88
-60
-11
-112
-12
-55
-80
59
-15
44
-81
38
-30
-48
-147
-141
-167
-150
-139
-79
-43
-59
27
-102
-9
-144
-57
-153
-49
-37
-32
-67
62
-79
-52
35
-17
-58
-123
-79
-118
-64
-20
-45
31
-115
-8
-56
-47
14
5
-26
95
73
-122
-163
5
-24
-74
-103
-13
-39
33
-25
-15
-41
-32
41
-92
-62
52
14
21
-44
-200
0
-3
-108
41
-49
-47
-74
-71
-51
87
-45
22
-205
48
77
-43
-95
-20
110
-48
-23
-85
-66
-32
54
44
-26
-207
52
35
-23
-26
97
-3
26
37
-46
52
-23
-41
-14
-103
30
-31
114
-155
14
44
88
-58
-26
-75
5
-34
-60
-5
-34
-130
-1
-9
-69
-38
-77
-60
-134
-24
-78
22
-29
-16
-25
-143
-23
45
-142
-57
-67
80
-85
-68
100
-103
21
8
24
-88
19
99
7
23
-135
-12
115
-1
-15
-11
49
-39
82
-98
-144
-53
-82
11
-184
-197
29
-37
0
6
-91
-168
-112
25
26
-45
60
114
-83
-27
-30
-79
21
-87
-153
-16
-54
-151
-95
-5
-71
-30
-172
-7
-53
-69
-174
-24
-277
86
-130
-143
-103
-185
-93
91
-14
8
-66
-172
-22
58
49
115
-23
-33
10
21
15
-93
22
-83
97
83
-53
-170
9
-67
-61
87
-54
-92
-33
-11
-112
-85
-40
-27
-138
-27
-125
-4
-16
-83
33
45
-75
12
134
24
-8
-15
-38
-145
18
-100
-42
121
-63
-126
-95
-46
5
-10
-58
-157
-65
25
-99
-36
-13
28
-194
-58
-30
-43
-81
-103
23
-38
-36
36
-51
-53
-54
-100
-5
-68
-48
5
27
-38
-87
-81
92
-148
87
-48
-108
-213
128
-11
-2
14
28
-186
-26
-56
-50
-35
58
127
-135
-28
11
-116
-32
66
-3
-3
-127
-44
53
-22
-139
-9
52
-44
-69
-139
-71
2
-91
-80
-82
-64
-111
-23
-114
41
74
10
51
34
-34
7
-18
32
-73
-80
14
-102
-56
-46
64
-22
-126
5
-157
-116
1
97
-35
-171
-129
18
-96
108
-4
-33
-131
47
-40
-52
-79
-18
-183
-103
-131
15
-86
114
11
-22
-56
-113
8
-131
13
-42
-135
-35
-35
-91
-6
-58
11
-19
-14
-5
-25
-132
20
-7
4
6
-76
-164
-184
-120
-59
-101
-110
-86
39
76
219
-38
-124
-18
28
-163
-133
-153
126
-72
-94
-78
-60
-200
19
38
-49
35
-51
-67
-118
-200
-11
-45
-86
-161
77
-69
11
64
21
-20
-171
-87
42
23
-68
-60
30
-237
68
-97
23
37
60
86
-37
15
-62
-12
-6
47
-33
-67
-79
-58
-129
62
-141
-25
22
-26
19
-74
-19
-18
-123
138
-51
137
-75
7
86
-59
-100
-141
-64
83
-48
-98
81
-82
-126
-53
86
-48
-90
9
27
-103
81
-68
-26
-78
-35
65
37
39
-21
-98
-40
-44
-29
-41
29
-157
-50
31
40
10
-129
-35
89
-32
-63
3
-131
9
-54
-18
-29
74
24
-12
-53
-94
-13
10
-62
-128
-33
56
89
-23
-71
73
-34
-59
-52
-204
-20
-23
1
-19
-71
39
-206
-26
-25
-100
-63
-2
-31
17
-41
30
-79
-126
-10
-25
-72
4
46
-103
-40
-106
-52
-38
-18
-51
26
-175
10
-35
-44
-8
-61
-13
-2
-86
13
-56
-100
-62
-15
18
39
-30
-121
-31
-207
-85
-66
-26
-36
-70
-128
130
-166
-84
54
-124
-25
-4
-59
6
-104
23
-104
-243
-42
-135
-66
-60
-77
-17
-131
-90
36
-1
-115
7
-45
-61
-134
-122
34
-126
-19
-138
-3
-26
-15
-57
-97
-221
-87
-115
-112
-19
12
-7
29
-65
83
-97
9
57
14
-57
-55
12
-15
-29
56
-13
-119
75
-27
7
12
-145
92
-70
-3
-12
-212
53
-64
32
-76
-112
-49
-53
-25
-46
37
28
-42
-86
-68
-44
-9
-27
56
-147
-35
-31
-139
18
-8
142
-76
-22
-122
85
-9
-30
-46
3
7
-69
-80
114
-38
-108
0
-60
-58
44
105
-122
-174
1
-109
-142
-182
-32
-81
-12
-118
30
-91
-17
13
-29
-24
-118
24
-45
37
54
-96
3
65
-9
-97
53
-44
-149
-52
2
13
5
-19
-138
-44
-61
-33
-50
-97
32
53
45
-116
-103
-7
-22
-87
-58
40
-34
-168
-36
-61
0
-136
-145
-10
-12
-11
-58
-65
-4
-2
16
-49
-36
36
-118
31
-23
-62
-65
-7
56
-90
-139
66
-119
19
-117
-131
-213
-13
6
-68
78
65
108
58
-126
-9
-34
-98
-46
-39
-14
-43
-83
24
32
-42
-143
-93
-35
-138
-29
-99
-101
13
-88
-47
-91
20
-113
16
217
13
-131
-131
32
108
-39
-120
-80
-31
25
-78
-112
-69
-134
-64
-48
-118
48
-18
-92
-150
-21
-88
-78
-28
38
-110
-3
-34
42
-61
-9
-18
-29
109
-49
-80
-69
-77
-6
-154
-70
-41
-108
-126
-125
11
-22
-21
-30
12
-10
-24
-147
-3
3
-18
39
-53
-55
-151
102
-11
-2
-36
-8
-50
-22
74
-27
16
-22
42
-90
-18
50
-212
-58
-106
-137
-41
41
73
-85
-127
20
-33
-162
-17
-22
-14
30
65
-31
-39
-82
-80
-42
60
96
-77
23
-92
9
-45
-156
-103
-36
24
-37
-99
-53
19
33
-11
4
-65
-110
-43
-107
-114
2
-47
29
57
-7
-106
-41
-125
-135
-83
32
-71
-101
-58
53
-101
-106
-40
21
-233
40
-24
16
-113
-16
114
32
74
-168
-170
-40
-24
-70
-201
-21
-41
-121
-64
-7
-161
-101
2
-152
-126
44
7
16
-31
3
-109
133
-80
6
-62
-106
-88
12
22
-211
-2
62
-12
-18
-21
-113
65
71
68
-115
-73
1
-171
-186
-17
51
-96
-38
-40
17
-28
-18
19
31
-87
-46
-49
-89
88
-32
-51
102
28
-84
-72
-171
-99
-39
-50
-26
68
-137
-53
-114
-164
44
21
-51
-22
27
-67
-124
37
-102
-90
-56
-60
-52
-64
-117
-55
-146
-90
-137
-115
99
-16
111
22
-99
12
48
-75
-68
-47
7
-58
40
-39
53
-59
38
58
29
-48
-100
-79
-157
-193
-51
12
-77
-89
-107
-72
-25
-143
69
-57
-30
-165
44
-44
-20
181
-38
-11
-72
5
176
9
-76
11
30
-86
-20
23
108
-162
-151
-82
-63
-76
56
-302
-82
65
-46
-22
15
18
-120
44
70
-78
38
-57
17
-20
-27
-46
-93
-100
-113
-58
-106
-190
-63
-202
-44
-77
61
78
-33
-144
-174
-109
21
-50
-142
10
-84
1
-93
-153
-3
-90
52
-191
72
-31
-33
-14
-84
-98
-20
19
-130
-82
66
103
17
-11
4
66
79
-42
-55
8
-82
-20
-1
2
-103
11
-100
40
-38
-47
-48
-118
-76
26
-32
-101
27
7
-97
-41
95
-92
20
-37
43
-36
72
-9
-134
-45
-245
-104
62
-80
55
-90
20
-93
-29
-29
-137
-108
-100
-53
44
-17
12
31
42
-23
45
-22
-72
-184
-91
-26
-27
-44
117
-41
-119
-71
-99
-76
-97
39
-5
152
83
-80
-49
-53
-41
-116
-32
-13
49
27
-21
37
81
-188
56
-80
-165
32
-13
14
-47
93
10
-62
-18
-245
2
81
-7
28
-39
-51
-37
-28
-77
-69
7
20
-78
39
-155
-140
8
-75
-37
-54
32
8
9
-12
-109
-23
-57
-44
-137
-64
-103
-66
11
18
-125
-88
-80
10
20
-52
11
49
17
85
-19
-4
-36
-4
-134
-15
49
10
-63
-48
-83
41
-84
-33
12
-8
-76
-101
22
-8
-25
-134
-31
54
-57
-107
11
-157
57
78
-148
-38
14
-212
-66
-120
-128
34
-32
-95
-48
-185
-75
-142
-153
-131
22
-89
-138
40
29
6
47
-21
-10
-77
-49
-79
-5
-93
-85
-2
19
-14
39
-187
-7
2
-31
-64
-77
63
-4
117
40
-155
10
6
4
-82
-16
-158
51
-39
27
-53
-145
-139
-49
18
-199
-86
-73
107
-143
70
-71
-23
14
-38
-37
4
-6
-158
71
3
-158
-59
-80
-60
12
-52
-69
-31
65
-143
-69
-93
-72
-70
-100
-9
11
1
57
-45
-194
4
19
-156
-160
-37
-24
-208
-25
81
-40
-39
-197
-59
-18
3
-108
-175
55
-56
59
-170
-41
-80
-5
-158
-26
-31
-165
-34
121
-47
17
41
-39
-10
43
-14
44
-81
16
-17
-49
-88
59
-137
-10
-183
51
10
-131
10
-84
-10
-57
-18
-108
-56
-17
75
-40
-57
11
-167
-151
-24
-52
15
-54
-138
-58
-133
51
-32
-144
92
-38
-4
-53
-129
-58
36
-17
-65
-136
127
-33
-84
-154
8
-56
-2
95
-44
14
22
-59
39
9
-58
82
95
44
-58
-107
-17
-13
-70
54
-54
-167
-61
-116
-123
-78
-89
-68
-12
11
73
-53
-99
-30
-116
-14
4
107
-96
-72
-14
-57
-4
-176
54
-15
-78
-68
-30
-48
-18
42
11
-115
13
-20
2
-36
-67
-39
-67
-86
49
-87
1
-52
11
-119
-110
-112
-62
13
-108
-127
-134
-43
-48
49
-64
29
4
-110
-47
-6
-20
-107
22
-10
18
-32
47
29
-128
-109
29
88
-116
-62
-122
2
-148
-131
13
52
-29
-27
91
-135
-21
94
-136
-29
57
17
-42
3
-71
-66
-91
-1
-164
-26
-88
-152
33
-135
50
-195
-68
23
-19
-179
-84
-58
49
-50
-33
-61
-214
48
11
-101
18
-93
31
-81
-142
-17
33
-119
-33
-19
-96
-73
-127
-82
63
-13
-77
-78
-20
-48
-57
-75
13
-112
-67
69
-17
-109
35
-9
-37
12
-120
13
33
54
-28
-91
-149
-89
-52
-154
-69
56
-25
-165
-71
-165
-41
-9
-34
-35
-232
-111
-51
60
-12
19
-50
11
-56
-32
-67
5
156
-141
20
13
-57
-99
-69
-126
82
-48
-11
-21
-54
-100
-114
-31
-163
21
-101
-40
10
-140
19
-85
5
115
-82
69
-3
62
-15
-59
44
-107
-107
79
-127
-156
-137
-131
-20
46
-26
-80
-85
-1
-73
-35
-163
-76
2
-91
-60
28
-80
7
-33
-116
28
6
-184
-120
-177
-28
-80
-83
-10
-57
-65
51
-90
25
-148
-17
-114
23
-91
-12
27
-19
-100
3
-112
82
-126
-39
44
-16
-48
-7
-65
-124
28
-37
-63
-37
-204
-69
-138
-121
-108
80
-123
29
-188
-160
74
-20
-110
-105
-95
-123
-44
-37
-69
27
-76
6
-55
-80
-68
45
8
-52
8
-182
-75
-54
-128
116
-32
-25
-46
14
27
-53
26
-56
35
-52
38
-97
-49
-32
-120
-40
-57
-8
-52
-64
-81
-17
-79
-3
-110
38
-54
-99
-136
-26
-19
-93
-102
-124
-65
-46
-17
-142
-73
-144
-51
-1
-101
12
-47
-45
-100
-29
-88
19
-67
-7
-78
-60
44
56
64
18
-49
-115
-24
-114
11
-46
-65
-17
0
-24
-27
-24
-152
-82
37
-34
36
-55
-119
-75
-70
-28
-20
-146
4
-76
-36
-52
-50
-55
-90
-130
8
-105
-2
-71
-79
-158
3
-52
-106
-22
-2
63
63
-34
-98
-70
77
-71
82
79
-122
8
-163
-191
70
1
-88
-64
-97
-54
-202
-110
-22
-77
-120
-41
21
-67
-142
-49
39
-1
82
-62
-111
-70
-74
-169
8
-31
39
-122
-37
36
-15
-124
7
-75
-61
69
-75
-16
-74
-59
-99
77
113
-74
-57
124
4
-4
-7
-12
-82
-85
-101
-61
83
-17
-93
-159
-35
-107
21
33
9
-56
-42
-7
-16
10
-54
-138
33
-79
-57
-58
-65
-72
31
-94
-10
-81
-112
-20
-45
-33
-20
-168
100
-5
-47
-50
-1
14
85
-2
-86
-75
-103
-39
-145
-30
-40
-42
-101
36
-64
-16
-189
-66
-105
-83
-111
-49
-107
-116
-40
-63
-69
-118
8
24
-155
-7
11
-74
66
-32
-181
-80
-27
81
4
-32
-22
31
-101
-154
-17
59
36
-42
85
36
-57
-134
-67
-20
69
-39
37
103
-45
14
-194
-97
-34
-85
-19
67
65
31
-133
-37
-229
-5
-74
36
-3
-139
-98
-4
-68
87
-80
-92
-97
64
-15
-106
-78
-157
17
-118
-62
-31
1
-161
-17
-126
-40
-72
-4
-67
10
-126
-103
-61
27
-171
-173
-143
-58
-155
-44
-78
-4
-178
28
1
-99
38
-109
-39
-4
-32
131
-56
-70
42
-102
-152
-83
-170
-84
-68
-9
-24
-110
-189
-171
20
8
69
-87
-66
-89
-80
27
-56
73
2
88
-141
-42
66
47
-9
-58
-39
-45
-140
-64
-78
91
-151
-15
-29
-100
-24
-103
-116
-2
-94
-94
-104
-136
2
-140
-82
-98
-183
-69
-155
-57
-106
43
111
-83
-20
-128
-74
39
-18
-139
-6
-5
-40
-68
-33
-67
49
-66
-59
56
68
-7
-107
-44
30
-22
-93
-143
27
-26
68
-56
-115
-73
-82
-98
-37
32
-67
-17
-110
-68
-51
26
-56
43
-169
73
-78
22
-27
-157
43
-23
2
-36
-193
-12
-14
-25
-126
-30
-3
4
19
-180
-52
-123
-150
-50
-50
49
-1
-79
30
-50
65
-126
9
29
-23
-92
-176
-70
-38
-121
-139
-95
-29
-101
-16
14
9
7
-99
-19
21
-64
30
2
4
36
-97
-166
-12
-49
115
-104
-24
14
-49
-13
82
-104
45
-19
-26
-134
-45
-82
-5
-128
27
5
-139
-18
168
-46
-177
-16
-80
82
-92
-1
-15
-188
54
-54
32
-44
-255
-74
-64
-2
-3
-152
-57
-80
16
-72
-44
-117
-49
-37
8
19
85
-234
-18
40
-45
-57
-97
-157
-117
-154
-1
-121
-143
-53
-49
-97
-74
55
12
-55
100
-53
-95
-55
-148
22
-58
-66
-105
60
40
-16
-27
18
-87
14
-59
29
-66
-8
-51
-135
-18
-109
100
-126
-45
-45
-68
-224
-48
-196
-89
-142
-23
-113
97
8
6
1
4
-46
-69
94
-26
61
-82
21
-86
72
-66
-67
6
-56
-199
-261
-159
-21
121
-112
-21
10
-46
10
56
-20
-110
49
-76
32
-21
-30
-7
-1
-106
-189
-70
-37
-46
-56
-71
28
-91
-17
-130
-73
-53
-77
-126
-21
-141
-58
109
-3
-44
-80
-40
-35
-11
-20
-28
-78
8
-27
-71
-35
-90
66
-102
-61
-155
-73
116
-68
-107
-43
-161
-9
-110
-10
-88
-58
115
73
-89
17
85
40
-63
-119
-69
-35
-57
-58
-85
28
55
-18
-67
-85
-97
-61
-37
46
-91
-75
-10
-129
-117
96
-184
45
8
61
-140
-105
-52
-30
-84
-74
-198
-92
-88
-148
-103
-181
15
-7
-7
-99
-47
-83
-11
-27
62
26
-83
25
-56
104
-38
-36
96
-148
-125
15
-33
-36
128
-42
-96
5
-8
24
-123
69
-57
-45
-110
-131
-18
50
-133
-34
-32
-99
-198
-62
-38
-46
22
44
70
-175
-58
-153
33
-184
-2
69
75
-54
-42
-49
-79
-98
-34
-190
16
65
-110
-4
43
1
-168
-21
116
-72
27
-52
92
-125
51
-76
-20
-61
39
-43
143
-52
-6
-90
-76
-118
42
-57
18
-99
52
21
32
52
-14
-95
-126
-27
49
-159
100
-158
-22
10
-32
-159
-101
-11
-59
-82
-59
27
53
-19
-62
-5
26
-85
55
56
-73
-5
-67
50
100
-72
-37
-209
-19
-193
51
-26
24
-24
-45
74
-54
-11
-197
-129
-80
-78
30
-22
-12
114
3
-18
-43
-59
-9
81
114
-90
-58
-109
-102
-79
12
-80
-127
-29
-102
-38
-9
19
50
-209
-128
-100
-93
-33
63
-64
36
-5
109
-84
-34
117
0
12
-46
16
-157
-18
-87
-82
9
8
18
-102
-24
30
-64
57
62
-50
-19
-131
-26
-86
-85
36
-139
-9
-133
-103
-89
-147
-94
-62
10
-43
39
-125
-67
19
-99
-98
88
-100
-95
-46
-100
15
10
2
-76
-9
1
-2
-8
51
-35
-76
-231
-54
-132
-3
-72
-193
67
16
-178
-172
31
-166
41
-165
6
-133
48
5
27
25
-81
88
-57
46
-197
-129
1
-120
-64
-18
-115
-160
-150
-35
-27
60
-56
32
39
-16
-66
-125
-5
76
-74
-121
-10
-141
69
-100
-16
-138
-39
-187
129
-81
74
-51
15
-147
-21
-116
57
-102
95
-10
12
-8
-9
-85
35
-141
-31
-25
-7
-85
-65
-26
-47
-30
-76
-3
-138
69
89
-53
58
18
-110
119
-86
-23
119
-81
-137
121
22
-109
37
-87
-15
-124
-18
-111
0
-10
-87
103
-104
-31
-20
15
-13
-125
-104
-36
-185
-90
-77
-58
-92
-113
27
62
55
2
47
-18
-58
-42
-56
18
-23
-34
-142
-2
-164
-28
92
-120
-68
-135
-96
95
30
-78
-13
-47
46
-45
-55
15
-124
-58
-3
-1
-79
27
-17
-182
-90
-45
-13
-87
52
-41
-56
-44
-108
-212
-12
-2
-32
-185
-234
-92
-22
-93
37
-43
44
-51
-229
-110
-51
-163
-29
-29
7
-79
-108
-82
-38
-75
9
-133
-141
-169
-23
-20
-129
-184
-60
5
41
-93
-26
86
25
-92
-40
2
-45
80
-39
-62
52
-129
-64
55
-37
87
13
-22
57
35
-220
92
-80
-54
31
-14
56
-136
68
-53
38
-48
-18
48
-20
-3
-72
-88
-108
94
-42
-175
93
-134
-103
-1
-69
-7
-30
-168
72
0
-113
53
-7
-89
32
-172
-88
-66
-125
-51
-25
-51
43
-186
-74
-102
-43
-46
-16
77
1
26
-45
-81
-11
-32
-66
-15
88
68
-108
-172
-56
-85
-36
-172
-66
-66
-13
-57
-59
-84
-67
-13
-83
-103
37
50
-6
-87
-75
-47
-168
72
-131
2
-87
-77
-43
-104
116
143
-172
116
-13
-147
-88
-19
-69
-30
-1
2
33
-30
-37
57
-1
-66
-248
-47
-66
-16
-137
36
-29
36
-156
-48
-20
94
-17
-34
-104
-98
-90
-68
99
-49
-11
-48
8
50
-84
-68
-30
-26
-18
-63
2
-204
157
-56
-20
-93
-97
32
26
147
-131
-12
-56
-63
-7
7
62
-115
-133
-5
-33
52
-114
-28
21
-54
-52
-107
-92
-64
8
63
-20
-83
-84
-19
-84
-83
-2
-111
-22
27
-47
-70
69
-31
64
-49
86
-85
34
-31
15
31
-103
-93
-66
-37
-131
-27
22
27
-69
-73
73
-24
-22
-147
6
-69
-35
-72
201
21
37
-151
-23
-56
-69
35
-80
37
-9
10
-38
-5
-34
-88
-65
16
-68
-135
-124
-42
17
-70
-94
52
29
-137
-90
-164
-53
-41
-111
25
-173
73
-22
-101
40
-64
37
-101
-107
30
-29
6
-134
-112
-114
-102
-57
37
-23
-39
-233
21
-27
-75
-97
-125
-41
-191
-129
-69
-5
-19
-149
-101
-117
28
69
-145
216
-27
-179
-72
-70
-65
-15
20
-158
-90
-191
35
-126
-103
63
33
-72
-10
-7
-84
-56
25
-118
122
-47
-64
-52
-68
-101
33
-51
-31
-28
38
-92
-80
-97
-48
-74
-195
25
-46
12
-31
-102
144
-43
15
-107
-35
-48
103
25
-18
-36
-41
-16
33
-111
-21
