19
93
46
93
97
77
130
132
-20
-87
-89
150
-4
4
147
65
112
102
68
106
112
47
91
10
121
46
-30
97
73
59
84
76
149
105
222
71
18
97
102
134
44
52
58
99
37
80
131
-51
131
105
-27
-41
82
59
57
30
74
93
174
20
-27
-49
121
214
68
-29
45
28
39
23
41
132
210
62
60
61
71
132
-25
77
195
111
202
62
161
71
115
180
141
119
121
45
62
4
75
0
92
158
42
71
180
24
22
95
64
232
62
95
113
10
2
29
-62
70
132
20
7
59
55
145
69
-65
105
39
27
59
-16
84
-19
94
44
44
81
60
39
174
44
-2
100
-22
91
-29
101
73
116
60
130
30
57
189
16
113
93
78
78
57
116
217
66
159
121
155
-26
71
127
223
73
122
142
84
11
-8
129
87
129
86
110
-58
166
86
180
-49
15
82
23
36
148
99
29
92
73
-67
229
33
-51
-51
-57
108
140
15
121
107
111
32
14
166
-37
-17
65
79
204
81
13
109
73
84
-20
157
95
-36
106
-21
17
239
23
32
114
148
110
37
69
197
49
67
62
35
70
145
-2
115
174
212
-5
54
-30
191
5
33
95
106
203
-74
25
107
31
32
-17
116
60
89
308
99
130
171
65
83
51
146
18
166
37
38
26
48
64
79
135
197
65
58
130
-6
42
55
127
71
28
34
70
105
153
143
172
51
69
131
-26
138
154
87
17
255
71
51
42
36
142
73
25
168
29
-7
172
58
97
87
-64
147
-10
50
-14
98
122
256
54
-8
76
57
88
196
144
83
136
169
-32
185
29
105
86
58
121
66
71
112
-6
5
110
153
-46
-8
81
47
214
163
-40
38
118
117
-34
96
-18
56
124
-5
11
42
109
80
-3
-18
200
-11
4
111
8
195
146
119
66
68
26
23
95
37
104
127
163
169
103
244
176
83
170
109
72
68
-28
161
45
60
-2
92
61
135
76
73
58
75
76
136
60
26
91
120
51
83
210
25
106
22
44
131
94
22
138
85
49
194
125
-12
126
118
26
-77
208
39
99
92
94
65
42
132
53
8
-17
185
106
112
123
-47
98
6
123
55
156
-70
81
129
27
156
-58
91
119
74
-11
35
78
-1
99
133
224
149
49
215
-35
101
188
98
112
77
83
87
61
-22
23
101
154
91
-7
32
26
17
-30
-12
221
99
15
136
-22
154
116
76
102
72
172
33
60
125
170
48
19
-50
74
121
165
69
56
113
47
0
5
-49
111
70
43
93
-34
241
100
83
56
-28
12
55
41
44
79
86
122
36
77
84
79
206
43
96
145
99
45
30
3
125
59
117
165
100
106
74
76
15
64
5
168
84
-27
149
-76
86
38
93
121
72
16
36
29
77
84
10
20
56
99
83
137
76
-6
29
-2
-24
24
163
132
79
264
142
-3
84
63
182
43
-10
145
103
161
56
49
158
81
16
62
149
-14
87
42
88
89
47
-59
11
-41
80
86
50
18
79
-115
113
204
26
-43
266
11
-12
134
151
99
143
98
65
93
39
-35
75
100
10
159
58
37
70
45
-10
124
91
88
97
175
64
98
10
268
138
20
134
-12
53
99
139
29
50
82
67
25
17
39
118
211
139
23
-52
94
173
89
117
65
173
118
205
78
173
84
73
90
90
104
114
60
161
23
110
168
243
-19
98
121
85
65
116
133
3
19
-39
36
109
-8
108
87
-19
44
14
24
46
35
-46
101
37
69
-13
88
67
198
154
29
102
81
-55
147
22
-34
-10
135
58
47
90
-63
69
-38
20
41
15
70
71
-47
193
107
119
76
-4
106
48
147
-31
144
45
84
4
79
63
22
90
201
91
138
-14
63
107
60
-8
72
169
114
137
170
40
150
104
21
32
140
90
34
87
59
139
40
-7
120
-25
83
129
-31
207
92
-84
34
55
36
255
115
120
-40
147
214
63
-63
172
-21
24
2
118
153
74
37
44
27
132
39
151
2
139
-14
18
107
-32
69
192
25
91
159
130
100
14
124
104
152
8
58
-9
120
92
141
-13
77
57
247
43
92
-31
14
108
107
56
58
44
151
92
116
154
123
25
139
85
7
177
103
65
93
68
106
-20
110
118
-56
58
139
32
63
66
154
-17
11
68
-69
83
141
112
-14
44
209
53
12
53
65
71
-43
-40
-35
81
-61
100
172
75
84
82
45
81
20
140
123
136
37
-39
174
160
46
25
55
176
110
31
116
-4
29
175
-22
87
148
-13
56
99
-7
129
98
212
73
91
83
11
21
62
94
20
23
11
-44
187
248
-22
18
37
131
-3
163
93
-38
-11
52
151
84
75
199
2
86
129
231
188
98
98
7
-2
19
12
55
215
76
93
136
104
-4
90
162
105
198
191
93
71
12
184
128
88
114
49
