-106
-34
-67
-16
-46
-21
16
-11
-167
-213
-201
29
-103
-153
16
-43
21
-75
-62
-49
-31
-103
-27
-109
-54
-77
-168
-6
-109
-100
-34
-47
17
-53
81
-23
-128
-15
-40
17
-76
-61
-106
-30
-71
-43
18
-182
-13
-11
-133
-144
-4
-107
-66
-94
-50
-44
88
-126
-145
-159
-27
80
-49
-161
-61
-150
-70
-109
-71
-24
104
-71
-56
-43
-62
-16
-161
-17
78
-15
80
-47
35
-10
21
3
57
11
46
-97
-93
-145
-57
-75
-20
53
-115
-83
47
-108
-129
-47
-92
119
-61
-59
-12
-98
-99
-60
-138
-77
0
-136
-143
-55
-93
-25
-68
-173
-23
-97
-120
-77
-134
-47
-145
16
-130
-50
-20
-76
-44
34
-90
-120
-6
-176
-42
-128
-15
-39
-46
-70
29
-127
-82
57
-109
-26
-16
-44
-55
-52
7
38
-85
38
-24
4
-128
-70
9
65
-75
-22
-2
-20
-115
-148
37
-26
-47
-58
-41
-139
30
-50
17
-195
-66
-20
-89
-104
21
-21
-85
-19
-69
-179
113
-98
-163
-208
-214
-48
25
-122
-28
2
-14
-68
-93
67
-134
-170
-57
-83
71
-32
-111
-19
-48
-37
-145
12
-46
-194
-38
-174
-120
65
-129
-87
6
-25
-7
-68
-63
68
-101
-84
-75
-85
-56
-8
-166
-55
55
23
-149
-75
-120
80
-130
-101
-59
-36
91
-182
-128
-71
-96
-50
-136
10
-46
-37
159
-48
-5
47
-41
-28
-101
3
-107
36
-86
-62
-92
-55
-84
-66
32
50
-61
-98
1
-140
-40
-49
-3
-77
-111
-100
-68
-63
28
-13
46
-85
-56
-10
-138
14
32
-85
-95
133
-21
-75
-85
-84
3
-57
-117
36
-108
-130
29
-34
-80
-30
-185
-4
-149
-111
-138
-72
4
95
-94
-162
-42
-96
-49
80
3
-28
24
68
-163
56
-101
0
-50
-101
42
-82
-86
34
-137
-146
-13
8
-136
-130
-33
-86
82
13
-117
-94
7
0
-130
1
-148
-74
2
-134
-118
-110
18
-33
-177
-123
115
-159
-109
-55
-87
40
3
34
-61
-47
-106
-114
0
-100
-36
-17
61
68
7
110
56
-41
62
-37
-45
-98
-143
50
-58
-107
-139
-22
-72
-29
-40
-70
-84
-10
-40
1
-77
-125
-27
6
-66
-20
64
-100
4
-117
-57
-18
-10
-100
5
-38
-79
56
-22
-155
24
19
-111
-195
15
-58
-56
-33
-39
-34
-57
28
-125
-135
-101
50
-28
-27
4
-171
-8
-115
10
-80
-26
-230
-71
-44
-92
10
-180
-42
-6
-54
-132
-127
-58
-129
-57
-2
124
31
-82
71
-156
-4
84
-36
-53
-43
-76
-59
-64
-150
-76
-57
17
-10
-125
-89
-112
-83
-141
-156
49
-12
-93
2
-163
-22
-57
-66
-15
-52
55
-111
-14
1
43
-86
-80
-170
-47
-41
46
-65
-90
-15
-59
-130
-125
-146
-72
-77
-79
-7
-169
101
-9
2
-82
-141
-107
-88
-125
-72
-52
-65
-44
-105
-63
-32
-30
104
-109
-16
0
-37
-95
-102
-174
-3
-97
-32
4
6
-57
-58
-47
-80
-88
-118
22
-32
-170
20
-217
-23
-84
-43
-35
-87
-128
-71
-116
-56
22
-90
-75
-80
-17
-47
0
-92
-137
-97
-160
-153
-131
46
40
-23
146
-22
-109
-47
-61
76
-97
-137
35
7
30
-105
-72
74
-113
-90
-60
52
-114
-95
-117
-22
-39
-27
-205
-149
-148
-76
-72
-96
-119
-61
-236
-31
20
-88
-146
136
-80
-132
-20
15
-24
-2
-55
-85
-26
-108
-156
-48
-53
-129
124
10
-232
-77
-56
-105
-27
-73
-35
-104
-192
-25
-21
-112
-66
-41
-91
-111
-173
-79
-170
-1
-111
78
-159
-77
-102
-122
-119
-60
21
55
-93
29
3
-66
42
-42
3
-136
-102
-82
-8
-33
-66
-136
-25
-141
-98
-103
70
-23
-68
-124
-45
-39
-61
-13
-111
-25
-100
-53
-94
-77
-87
91
-77
-81
-47
-92
-18
-144
39
-109
-72
-10
-47
-173
-115
-29
-194
-120
-43
-37
-46
-108
67
21
12
-42
7
-110
-191
-137
-17
51
-146
-51
-63
-54
-175
59
-142
-116
-121
-47
-80
-78
-14
-9
-53
-154
101
-49
53
-39
117
-133
-79
-133
-105
-192
-98
37
-208
67
36
-85
-36
48
15
-146
62
18
-129
-42
30
-105
-167
-39
-113
-91
1
-48
-88
-39
-136
13
-47
13
-22
43
-66
-40
-60
-7
66
0
-128
-79
-87
-66
-41
-11
-54
-106
-51
-14
-120
-13
14
-185
-146
-100
30
-39
-49
-6
4
-28
-2
-13
-36
-111
-71
-109
-1
-119
-37
-77
-101
-101
-25
-12
-43
-160
-66
-9
61
-106
-66
-122
-34
-58
28
-71
-14
-66
137
-74
-100
-157
-64
-18
-156
-26
-109
-12
4
-149
-7
40
32
25
-86
-22
-152
31
-104
-217
3
47
-32
-186
-179
-14
-164
-41
-142
-119
-91
0
49
-139
-149
-80
-204
-40
-33
-44
-128
8
-98
-58
-132
-113
-37
-67
-144
-68
-90
-34
-175
-40
19
-73
-39
-97
-66
-84
-96
-6
-42
-25
-132
-199
36
-43
-98
-100
-74
55
17
-2
10
-134
38
60
16
-69
50
-94
-43
52
-164
2
-25
103
-13
-113
-59
-88
-38
-16
-22
-200
-114
25
-185
42
143
-82
-123
-90
-10
-71
76
25
-169
-112
-98
35
-11
-7
-131
-86
13
9
48
14
-19
8
-114
-90
-40
-110
-72
-90
-103
-124
38
16
-109
-55
36
-13
-8
94
-1
-125
-80
-112
-105
-29
-210
-111
