-17
-79
34
-116
-100
14
-9
-109
38
-13
27
-69
-56
-63
18
-68
35
-15
-87
-66
-56
-127
-41
-22
-30
62
-212
17
136
-48
-70
67
20
69
-54
123
-140
-145
-91
90
2
-35
107
-35
-20
0
-63
-33
-49
-23
-58
88
110
-37
-89
16
64
-123
84
-132
-73
-203
9
-69
-78
0
-116
-89
-136
-76
74
45
-61
-52
-51
4
-127
-111
-81
-3
-10
-5
-59
-103
-41
-27
-77
84
-59
108
-38
63
-42
53
36
-168
-42
-110
-68
-28
-230
-87
-42
72
-149
126
-82
88
29
-125
-86
-77
-110
-5
-84
4
-5
-32
3
26
90
11
-121
58
-204
33
-182
-35
-106
48
-73
66
-37
-81
-52
-76
-12
-6
6
17
-103
-156
13
-40
-90
16
30
-98
-132
-136
28
-4
-27
-3
-48
-64
-91
-99
-41
-111
-89
-70
-23
83
-83
63
-45
-114
-86
-27
26
-60
-23
101
-37
-65
-149
-99
85
-119
-107
-17
-70
-102
-69
-34
-21
-36
-29
-10
-76
57
-18
-72
-94
4
-45
-85
-54
-94
73
-180
39
-39
23
18
70
-52
-54
-76
-131
-122
-29
-146
-248
-41
-116
-57
-181
-185
-98
83
-78
-136
66
-21
-101
74
12
-22
-49
66
-46
-33
22
-56
26
-9
-80
-89
-127
-186
-36
83
-80
-30
-129
-15
23
-138
-65
14
-36
29
-128
-70
-20
-90
-53
-136
6
-6
-44
-38
-80
-153
22
48
-114
-74
50
11
-25
123
34
-108
-9
8
-92
-30
-24
-27
-76
5
33
-15
23
26
-92
-101
-14
-54
-61
28
-53
-65
-94
-80
-26
-102
-11
-19
-89
92
-64
41
-55
-92
-74
-36
-49
-18
-19
15
-38
-146
-104
25
-110
43
-19
-57
-134
-213
-39
-26
-108
27
61
-46
24
-81
0
-93
-27
33
-53
43
-104
-3
-87
-89
18
-106
18
9
-2
-76
-109
-83
11
-150
-37
-8
24
-86
7
-35
-168
67
-33
30
-88
-4
-61
-30
-4
-36
16
-54
-39
-98
-30
-84
39
-133
-23
-44
-9
-21
-60
5
-80
15
-109
-70
-5
128
116
-1
12
-79
-96
-49
-5
-70
-79
-4
-36
70
-174
3
-32
-202
34
-41
-153
-52
57
-2
-56
32
-59
-103
-183
-10
15
-6
22
-76
-11
-66
29
-9
16
-21
3
-42
-18
-9
-6
-138
-23
-23
-41
-154
-111
-99
-2
-76
-83
-40
-42
-58
-50
-207
-67
-71
64
48
-61
-45
-44
-28
-112
-23
38
-73
18
-111
-82
-82
-114
-48
-56
21
98
-15
-92
70
-62
24
-135
-36
-44
-101
-109
4
-10
41
-56
49
-141
-40
-33
-73
7
59
-98
-74
-46
-105
-16
-55
25
-20
-150
-154
108
-86
-16
26
-119
-47
-79
-72
-78
-49
79
-128
-90
23
-161
-78
-77
39
-32
3
91
-118
-63
-46
-7
-29
-29
-54
-184
-53
-47
-102
19
44
-120
-85
-156
-20
-54
23
-91
-26
23
56
22
-38
56
86
-146
-176
-141
-26
34
-34
-127
50
7
-81
-91
-75
-129
-169
-17
-24
-149
-134
9
-28
-34
4
-87
-142
-5
-81
-117
-67
-93
85
-152
52
-38
-67
-30
-94
-30
-101
-56
-154
-52
-167
48
-3
-34
-67
-91
-185
-48
-44
-19
-75
89
-5
-13
23
-142
-64
-173
-139
35
-20
-66
-34
-146
-41
-6
-68
84
9
-35
-91
1
-22
-66
8
-181
-77
-149
27
-46
-24
17
-203
-91
-58
-56
-77
4
9
19
-81
58
-28
-125
51
-155
-58
-105
-13
-39
-117
30
-79
-40
-44
-23
70
-86
-46
-62
-117
-54
-80
-80
-78
-58
22
9
-68
-62
-51
11
-144
36
-35
-153
-125
-31
-132
-81
-44
-17
-6
-147
40
44
7
61
-143
-83
-55
-15
-79
-11
-34
-72
-32
-67
28
13
-124
-16
-17
-233
2
-44
-154
36
-56
16
-71
79
-80
-55
3
-135
-60
-90
27
30
-58
-7
-98
-70
-72
-68
31
15
-43
44
-166
38
-18
125
22
-79
-77
-135
-88
-29
-71
-95
-88
0
-192
-93
-86
-3
-92
-238
-72
-79
-63
-62
28
-66
-23
-29
-117
78
29
-60
-131
37
-68
-33
-36
28
-20
-52
-17
48
-95
-145
-104
12
-193
6
-173
-120
-81
-201
-45
45
-81
-152
57
-84
-115
-18
-69
-122
-101
21
44
20
2
-31
-31
-15
36
-2
50
-27
125
-11
4
16
-82
-89
-55
-121
-243
28
-54
-1
-23
-96
-136
-105
-157
-1
-106
13
-78
-72
-85
61
-56
71
-113
-61
-2
63
-26
-116
-57
-48
3
-21
-146
-60
-29
-59
-62
-16
-79
19
4
-38
0
-110
-87
-150
67
-37
32
-46
-122
-154
-28
21
16
-50
-29
-91
-32
122
3
13
18
-24
-48
-100
34
1
-150
-126
-124
-88
-180
26
98
-80
-63
63
-100
-113
-96
-26
-51
28
32
-29
-106
-163
-148
-116
80
-15
-105
216
-147
-88
13
7
36
-33
-104
25
-102
-18
-9
-151
-16
-100
-9
-59
-125
-70
42
37
-102
-13
-61
86
33
-23
18
-64
-125
-40
-31
-55
-16
-11
131
-17
93
-62
-57
-39
-11
-170
-139
-11
17
-35
-128
-53
-5
-133
-21
47
-68
73
26
-20
-70
130
-55
-50
-9
14
-120
-21
-43
-73
-10
-43
-88
-205
9
-104
-53
-84
-142
-59
-87
12
-29
88
-34
11
-42
-143
13
-201
-35
-168
85
-175
62
89
-76
-160
-121
-35
-51
-16
-126
-114
53
