3818
3823
3792
3838
3923
3748
3775
3882
3689
3854
3868
3852
3802
3759
3880
3740
3903
3858
3942
3829
3784
3785
3868
3733
3769
3823
3807
3900
3865
3878
3812
3871
3749
3939
3813
3783
3931
3915
4031
3930
3923
3868
3732
3821
3730
3777
3857
3773
3755
3735
4005
3849
3897
3901
3821
3859
3912
3816
3909
3819
3786
3818
3913
3988
3889
3939
3930
3826
3963
3848
3796
3768
3764
3957
3811
3749
3851
4012
3705
3892
3922
3763
3757
3968
3880
3758
3951
3997
3816
3794
3938
3683
3802
3752
3744
4106
3938
3926
3815
3832
3762
3877
3938
3793
3821
3911
3886
3890
3790
3927
3754
3890
4085
3836
3897
3854
3859
3723
3745
3892
3865
4014
3830
3939
3875
3900
3867
3829
3829
3893
3915
3817
3870
3946
3883
3934
3874
3816
3819
3758
3905
3775
3904
3790
3792
3859
3757
3702
3937
3944
3784
3903
3792
3918
3867
3854
3786
3889
3743
3825
3734
3834
3829
3713
3871
3889
3973
3836
3842
3821
3823
3908
3791
3919
3850
3729
3836
3853
3970
3789
3835
3842
3720
3862
3849
3947
3931
4000
3795
3854
3887
3738
3851
3843
3863
3933
4002
3970
3864
3728
3937
3859
3829
3863
3824
3781
3852
3776
3815
3807
3848
3833
3866
3818
3658
3773
3822
3864
3780
3838
3823
3826
3978
3744
3872
3858
3894
3963
3823
3873
3821
3923
3831
3920
3800
3850
3874
3676
3841
3778
3859
3918
3838
3872
3886
3876
3896
3785
3747
3980
3896
3888
3890
3930
3895
3775
3802
3831
3827
3815
3778
3926
3856
3852
3940
3782
3784
3780
3735
3907
3882
3949
3776
3893
3822
3773
3775
3803
3875
3810
3772
3848
3796
3754
3916
3786
3936
3767
3869
3730
3893
3955
3877
3843
3863
3892
3802
3759
3874
3738
3739
3852
3758
3893
3894
3946
3785
3746
3866
3946
3901
3729
3851
3783
3851
3713
3874
3898
3792
3758
3769
3706
3903
3998
3903
3830
3960
3931
3992
3779
4007
3751
3888
3958
3754
3879
3714
3819
3953
3856
3878
3888
3737
3658
3770
3983
3859
3866
3927
3902
3932
3963
3830
3824
3816
3970
3912
3899
3741
3953
3832
3835
3910
3876
3837
3853
3973
3995
3823
3966
3814
3757
3846
3745
3909
3807
3886
3804
3806
3887
3841
3872
3872
3835
3978
3644
3849
3844
3905
3854
3827
3833
3917
3932
3926
3796
3696
3887
3622
3863
3929
3864
3866
3814
3899
3794
3899
3787
3845
3840
3759
3919
3987
3902
3839
3758
3933
3761
3921
3853
3918
3968
3862
3899
3768
3819
3850
3795
3865
3867
3818
3877
3808
3912
3887
3789
3820
3949
3878
3848
3939
3845
3691
3914
3668
3750
3812
3791
3804
3823
3929
3896
3943
3880
3949
3793
3824
3870
3928
3826
3801
3876
3837
3876
3952
3885
3782
3733
3792
3908
3814
3901
3930
3834
3882
3807
3761
3877
3935
3794
3855
3798
3823
3908
4057
3731
3749
3775
3688
3966
3800
3902
3955
3833
3887
3921
3789
3836
3859
3803
3886
3860
3912
3783
3828
3869
3770
3874
3705
3920
3892
3735
3796
3957
3826
3958
3840
3911
3855
3788
3770
3808
3974
3864
3877
3864
3985
3924
3878
3710
3713
3838
3788
3821
3819
3815
3751
3771
3795
3834
3893
3858
3829
3916
3692
3817
3825
3808
3795
3958
3971
3776
3912
3739
3758
3801
3848
3722
3814
3868
3799
3766
3730
3981
3811
3944
3774
3891
3741
3898
3864
3821
3796
3775
3844
3788
3837
3824
3703
3899
3856
3943
3887
3934
3783
3721
3849
3786
3815
3697
3940
3839
3806
3794
3748
3964
3734
3864
3807
3821
4022
3806
3783
3908
3859
3807
3707
3921
3930
3856
3856
3792
3900
3831
3754
3942
3861
3746
3782
3762
3744
3868
3786
3801
3861
3764
3728
3835
4032
4061
3810
3954
3838
3982
3817
3850
3803
3745
3839
3883
3923
3840
3774
3886
3796
3829
3878
3670
3795
3859
3744
3926
3798
3864
4086
3867
3972
3761
3835
3808
3705
3693
3864
3863
3806
3914
3795
3891
3802
3768
3786
3875
3810
3831
3779
3889
3784
3959
3852
3906
3830
3806
3835
3820
3822
3801
3932
3777
3771
3903
3748
3800
3848
3794
3810
3873
3985
3829
3906
3885
3768
3758
3737
3757
3742
3845
3752
3911
3883
3859
3868
3909
3915
3899
3838
3812
3900
3871
3856
3708
3952
3852
3823
3814
3773
3909
3882
3721
3834
3824
3954
3947
3725
3900
3867
3784
3812
3925
3699
3793
3900
3850
3827
3947
3809
3870
3871
4006
3804
3899
3809
3848
3880
3882
3847
3850
3810
3931
3716
3830
3949
3886
3840
3843
3931
3856
3941
3997
3819
3910
3878
3799
3826
3719
3789
3745
3997
3804
3776
3907
3856
3743
3800
3820
3888
3760
3887
3778
3864
3732
3893
3915
3930
3911
3731
3830
4044
3823
3955
3824
3779
3899
3774
3806
3901
3721
3757
3778
3857
3837
3902
3861
3793
3811
3856
3868
3832
3711
4010
3826
3912
3921
3758
3758
3804
3805
3996
3862
3851
3871
3921
3861
3918
3902
3898
3897
3809
3738
3965
3845
3924
3845
3886
3776
3797
3928
3820
3795
3954
3855
3883
3848
3891
3917
3932
3793
3749
3880
3784
3948
3789
3929
3799
3831
3837
3924
3799
4010
3919
3802
3720
3925
3871
3849
3855
4007
3829
3835
3823
3791
3899
3809
3927
3861
3845
3915
3889
3930
3871
3784
3866
3838
3740
3779
3755
3886
3817
3726
3917
3746
3877
3843
3811
3851
3951
3787
3869
3911
3825
3836
3837
3811
3901
3827
3875
3747
3805
3821
3901
3779
3955
3740
3840
3745
3943
3950
3967
3828
3899
3848
3755
3838
3919
3902
3924
3822
3870
3765
3998
3878
3805
3886
3857
3909
3765
3821
3844
3837
3840
3835
3817
3905
3799
3836
3731
3720
3841
3758
3974
3730
3920
3761
3950
3889
3797
3861
4025
3845
3846
3805
3843
3867
3790
3828
3816
3872
3950
3961
3932
3825
3907
3774
3899
3913
3583
3825
3760
3739
4005
3912
3838
3877
3926
3985
3914
4004
3844
3815
3824
3803
