3565
3605
3566
3697
3590
3617
3475
3488
3495
3546
3587
3428
3570
3400
3561
3715
3470
3646
3412
3467
3529
3476
3520
3638
3481
3513
3565
3526
3570
3614
3608
3476
3685
3455
3602
3613
3517
3387
3303
3412
3551
3560
3222
3496
3364
3553
3534
3493
3189
3686
3476
3398
3424
3461
3508
3707
3525
3612
3189
3480
3554
3558
3614
3606
3703
3537
3504
3677
3487
3331
3609
3581
3356
3473
3580
3476
3602
3466
3501
3496
3486
3434
3548
3496
3486
3580
3543
3419
3501
3289
3539
3490
3600
3482
3563
3606
3460
3315
3548
3578
3483
3548
3662
3636
3599
3400
3368
3469
3694
3663
3459
3390
3259
3567
3497
3693
3449
3672
3721
3391
3367
3687
3581
3536
3792
3483
3448
3564
3337
3485
3598
3356
3449
3693
3520
3493
3571
3592
3359
3473
3663
3446
3392
3469
3480
3428
3550
3648
3436
3619
3328
3616
3618
3550
3282
3276
3527
3585
3567
3563
3544
3382
3249
3538
3238
3527
3718
3342
3432
3587
3614
3439
3632
3552
3432
3550
3601
3444
3577
3405
3331
3509
3544
3475
3479
3470
3762
3587
3469
3363
3445
3612
3174
3484
3618
3446
3643
3606
3563
3471
3524
3589
3526
3422
3408
3448
3475
3445
3572
3577
3426
3510
3550
3504
3546
3449
3619
3525
3270
3508
3501
3517
3631
3863
3667
3264
3402
3435
3709
3620
3562
3672
3332
3576
3585
3487
3428
3494
3490
3600
3500
3579
3444
3577
3448
3481
3473
3504
3666
3423
3503
3715
3554
3438
3417
3565
3701
3444
3506
3573
3489
3563
3508
3609
3618
3590
3675
3534
3556
3668
3472
3546
3562
3571
3628
3608
3316
3250
3397
3224
3566
3591
3475
3462
3554
3271
3496
3447
3508
3734
3753
3406
3328
3402
3439
3430
3469
3714
3608
3596
3618
3447
3589
3595
3541
3526
3328
3473
3437
3739
3640
3546
3677
3451
3312
3336
3520
3610
3660
3370
3684
3324
3683
3686
3385
3456
3503
3484
3659
3510
3439
3573
3554
3505
3608
3587
3392
3568
3426
3404
3496
3523
3602
3666
3522
3570
3434
3607
3722
3374
3479
3535
3644
3420
3609
3550
3669
3610
3655
3613
3620
3573
3579
3304
3551
3573
3474
3455
3266
3446
3723
3297
3638
3538
3493
3291
3500
3495
3567
3361
3444
3540
3603
3624
3612
3684
3590
3368
3542
3462
3278
3515
3569
3341
3450
3495
3448
3620
3578
3567
3462
3427
3559
3403
3651
3570
3406
3495
3542
3424
3582
3570
3309
3591
3262
3181
3377
3523
3767
3364
3644
3437
3469
3420
3571
3516
3477
3522
3517
3532
3491
3540
3621
3633
3527
3247
3485
3671
3460
3520
3247
3479
3529
3543
3592
3568
3379
3373
3607
3671
3485
3666
3525
3656
3564
3349
3521
3603
3578
3529
3689
3713
3463
3661
3451
3433
3593
3333
3335
3710
3325
3730
3441
3399
3578
3534
3649
3163
3403
3529
3577
3514
3499
3668
3559
3386
3455
3361
3644
3462
3596
3578
3679
3639
3546
3360
3289
3383
3539
3722
3468
3653
3371
3744
3586
3408
3554
3612
3426
3503
3458
3470
3729
3586
3688
3638
3360
3539
3471
3611
3593
3301
3496
3356
3597
3396
3727
3416
3508
3541
3356
3482
3496
3505
3505
3477
3424
3419
3536
3376
3524
3507
3446
3445
3447
3469
3355
3492
3326
3496
3721
3410
3403
3549
3405
3717
3372
3541
3606
3493
3654
3660
3420
3594
3408
3445
3435
3663
3680
3635
3605
3601
3328
3350
3250
3481
3245
3606
3347
3474
3539
3533
3621
3563
3483
3486
3650
3426
3656
3528
3605
3389
3313
3521
3461
3574
3430
3625
3559
3292
3516
3595
3613
3300
3527
3556
3502
3659
3542
3504
3499
3785
3541
3463
3282
3449
3530
3458
3608
3618
3362
3353
3474
3538
3443
3614
3627
3520
3522
3443
3360
3648
3435
3532
3478
3360
3719
3515
3600
3731
3595
3439
3282
3567
3489
3545
3600
3694
3455
3483
3493
3599
3402
3624
3482
3536
3511
3434
3513
3468
3572
3388
3459
3507
3474
3637
3437
3741
3677
3457
3430
3509
3492
3558
3573
3266
3599
3469
3311
3606
3358
3573
3543
3691
3492
3607
3577
3351
3575
3460
3488
3329
3441
3503
3356
3639
3681
3403
3542
3655
3449
3617
3386
3516
3399
3647
3457
3805
3400
3425
3542
3437
3506
3462
3428
3451
3458
3578
3515
3510
3369
3581
3508
3672
3385
3442
3463
3506
3401
3393
3517
3435
3626
3376
3707
3623
3399
3397
3494
3544
3417
3227
3356
3515
3466
3340
3784
3303
3545
3559
3345
3574
3381
3360
3507
3751
3745
3527
3443
3770
3505
3494
3434
3599
3656
3447
3424
3553
3517
3453
3624
3586
3473
3613
3507
3532
3588
3443
3406
3715
3519
3327
3664
3664
3571
3472
3693
3508
3400
3504
3418
3564
3491
3349
3577
3324
3289
3628
3522
3710
3511
3494
3460
3477
3370
3525
3416
3417
3577
3696
3293
3405
3533
3538
3721
3500
3456
3465
3612
3409
3372
3654
3387
3254
3721
3639
3403
3577
3580
3538
3539
3581
3735
3462
3599
3369
3614
3523
3743
3440
3401
3458
3397
3511
3530
3544
3469
3647
3656
3581
3396
3678
3500
3678
3322
3667
3637
3660
3532
3385
3607
3680
3645
3577
3542
3643
3598
3679
3580
3399
3394
3656
3468
3527
3679
3646
3303
3356
3658
3632
3580
3465
3412
3275
3322
3500
3878
3491
3552
3499
3546
3863
3491
3414
3572
3555
3471
3603
3318
3533
3524
3605
3415
3667
3460
3560
3483
3383
3318
3601
3459
3406
3633
3382
3637
3447
3469
3293
3561
3594
3553
3375
3489
3378
3592
3572
3634
3477
3507
3668
3557
3487
3441
3383
3445
3480
3493
3470
3324
3441
3529
3373
3642
3619
3375
3385
3566
3566
3098
3355
3642
3543
3419
3416
3525
3515
3516
3475
3474
3484
3504
3649
3572
3312
3340
3245
3435
3456
3568
3569
3539
3739
3386
3529
3355
3535
3530
3581
3492
3519
3205
3556
3384
3373
3521
3521
3686
3490
3540
3402
3571
3521
3529
3618
3545
3433
3493
3354
3640
3341
3614
3508
3480
3478
3557
3521
3580
3475
3455
3388
3377
3328
3537
3646
3423
3544
3620
3839
3531
3393
3550
3565
3527
3541
3487
3515
3308
3398
3576
3510
3509
3565
3357
3632
3518
3562
3510
3273
3351
3410
3483
3578
3495
3452
3453
3504
3383
3626
3683
3605
3458
3597
3655
3405
3595
3568
3487
3636
3490
3597
3620
3343
3473
3619
3364
3443
3630
3394
3319
3553
3628
3646
3511
3528
3774
3606
3560
3567
3503
3640
3380
3691
3660
3428
3541
3552
3513
3421
3334
3610
3455
3583
3616
3564
3298
3657
3487
3478
3543
3560
3550
3590
3353
3528
3634
3583
3561
3532
3398
3529
3571
3552
3459
3586
3463
3566
3560
3435
3509
3385
3643
3484
3455
3381
3439
3296
3584
3558
3606
3556
3588
3406
3479
3322
3539
3617
3626
3563
3542
3449
3588
3732
3583
3600
3669
3361
3589
3436
3534
3458
3610
3508
3588
3599
3435
3588
3329
3562
3482
3454
3454
3313
3589
3550
3507
3273
3461
3411
3555
3423
3456
3752
3493
3407
3623
3740
3665
3270
3401
3779
3338
3536
3605
3774
3512
3228
3429
3524
3577
3544
3562
3478
3474
3763
3430
3465
3538
3485
3410
3400
3606
3545
3518
3599
3698
3467
3416
3665
3490
3415
3634
3560
3475
3568
3618
3503
3519
3679
3449
3431
3629
3391
3415
3530
3706
3604
3511
3359
3417
3654
3681
3616
3602
3583
3350
3591
3664
3533
3475
3430
3377
3549
3758
3511
3671
3461
3454
3529
3379
3396
3589
3374
3799
3638
3437
3473
3557
3397
3588
3622
3584
3646
3497
3165
3594
3568
3573
3433
3496
3388
3451
3653
3403
3405
3529
3639
3361
3449
3593
3505
3654
3577
3662
3601
3518
3576
3314
3622
3393
3520
3533
3568
3624
3585
3431
3584
3321
3424
3543
3556
3504
3664
3566
3618
3604
3458
3639
3460
3617
3650
3724
3497
3548
3588
3412
3778
3599
3467
3557
3661
3573
3464
3553
3501
3606
3420
3597
3591
3650
3636
3589
3404
3562
3359
3599
3440
3518
3457
3335
3461
3528
3537
3584
3421
3430
3345
3435
3549
3501
3710
3491
3428
3295
3395
3639
3528
3538
3606
3707
3587
3476
3612
3510
3433
3432
3597
3661
3452
3605
3511
3429
3546
3556
3492
3586
3315
3473
3433
3269
3602
3500
3397
3554
3456
3473
3477
3578
3505
3725
3532
3574
3553
3411
3545
3601
3684
3718
3293
3481
3476
3356
3361
3442
3581
3422
3634
3570
3487
3598
3342
3612
3571
3240
3386
3599
3290
3785
3605
3659
3584
3605
3410
3411
3550
3349
3264
3501
3599
3545
3463
3522
3632
3536
3685
3373
3644
3389
3546
3494
3577
3592
3631
3570
3444
3585
3581
3675
3579
3766
3220
3449
3511
3792
3524
3566
3413
3591
3682
3607
3497
3365
3468
3441
3526
3411
3385
3573
3700
3594
3490
3591
3566
3381
3619
3376
3570
3469
3578
3561
3596
3478
3563
3740
3385
3471
3376
3420
3732
3525
3557
3573
3504
3511
3404
3456
3590
3562
3648
3646
3651
3468
3398
3360
3572
3558
3610
3514
3465
3490
3522
3401
3425
3422
3768
3376
3554
3359
3414
3526
3668
3579
3339
3464
3399
3495
3486
3537
3417
3402
3373
3690
3672
3320
3384
3277
3461
3601
3349
3556
3420
3474
3403
3611
3243
3347
3736
3538
3661
3605
3354
3440
3757
3651
3530
3372
3653
3626
3599
3551
3426
3657
3516
3721
3573
3510
3406
3405
3397
3610
3440
3420
3401
3500
3533
3460
3534
3549
3550
3611
3559
3580
3744
3578
3322
3508
3589
3585
3531
3553
3476
3480
3295
3356
3432
3546
3479
3632
3480
3511
3392
3423
3446
3413
3322
3473
3613
3304
3379
3516
3410
3401
3508
3352
3476
3558
3562
3572
3528
3483
3432
3650
3535
3536
3323
3418
3489
3579
3480
3518
3499
3517
3579
3344
3372
3640
3710
3562
3531
3341
3473
3535
3569
3626
3488
3455
3671
3563
3613
3593
3567
3457
3488
3549
3670
3493
3491
3556
3305
3361
3736
3475
3414
3403
3374
3596
3657
3671
3183
3624
3512
3453
3729
3415
3509
3648
3563
3570
3507
3705
3495
3604
3335
3471
3488
3642
3450
3617
3375
3497
3621
3637
3556
3615
3610
3390
3586
3562
3435
3525
3406
3476
3509
3662
3586
3652
3511
3594
3416
3421
3343
3543
3514
3535
3564
3560
3546
3452
3819
3480
3426
3709
3606
3595
3457
3614
3501
3522
3525
3268
3499
3419
3592
3279
3437
3669
3598
3708
3600
3487
3513
3563
3554
3393
3461
3584
3588
3610
3486
3514
3682
3395
3525
3642
3286
3385
3539
3423
3347
3766
3504
3522
3600
3701
3533
3582
3506
3589
3510
3453
3527
3489
3379
3482
3700
3640
3483
3426
3570
3538
3536
3432
3655
3539
3420
3556
3361
3334
3614
3540
3688
3533
3572
3351
3565
3499
3604
3623
3334
3483
3339
3732
3512
3594
3538
3449
3538
3551
3655
3449
3203
3505
3469
3670
3578
3515
3658
3462
3432
3502
3519
3462
3503
3707
3546
3778
3728
3535
3506
3627
3442
3449
3432
3517
3570
3731
3379
3865
3249
3396
3598
3770
3614
3489
3380
3384
3517
3361
3386
3609
3530
3494
3633
3505
3465
3593
3635
3520
3551
3410
3260
3464
3602
3563
3525
3394
3587
3639
3650
3431
3658
3441
3551
3326
3339
3532
3464
3589
3517
3397
3620
3473
3591
3535
3542
3600
3564
3446
3480
3594
3735
3524
3461
3436
3654
3565
3101
3553
3548
3604
3453
3536
3465
3582
3633
3440
3432
3430
3562
3367
3634
3284
3495
3382
3635
3422
3523
3555
3714
3574
3399
3579
3645
3506
3607
3483
3544
3499
3373
3374
3645
3460
3404
3460
3501
3703
3269
3772
3311
3581
3405
3516
3657
3465
3620
3287
3412
3451
3340
3680
3503
3548
3413
3282
3669
3476
3268
3644
3402
3366
3496
3252
3452
3552
3550
3515
3282
3686
3627
3553
3480
3583
3451
3527
3495
3503
3385
3543
3685
3658
3507
3443
3420
3418
3483
3532
3569
3504
3548
3725
3518
3384
3558
3585
3466
3559
3469
3372
3513
3607
3499
3408
3415
3477
3508
3635
3515
3634
3575
3594
3522
3568
3590
3553
3513
3727
3436
3276
3442
3509
3234
3480
3615
3439
3572
3418
3598
3390
3627
3604
3501
3529
3427
3519
3558
3471
3282
3561
3723
3384
3283
3543
3452
3464
3470
3504
3526
3536
3548
3527
3545
3643
3625
3343
3530
3536
3434
3388
3678
3596
3304
3530
3606
3605
3373
3467
3541
3512
3653
3734
3680
3525
3545
3612
3293
3710
3722
3497
3372
3671
3573
3580
3686
3627
3511
3625
3699
3491
3522
3364
3361
3643
3450
3495
3473
3596
3546
3620
3598
3575
3510
3395
3513
3336
3411
3545
3608
3494
3509
3477
3531
3606
3716
3465
3619
3472
3607
3513
3431
3546
3325
3472
3413
3372
3563
3457
3465
3381
3387
3524
3586
3630
3560
3610
3690
3497
3477
3603
3390
3519
3526
3487
3664
3526
3543
3368
3640
3530
3581
3636
3446
3486
3565
3577
3484
3680
3336
3642
3267
3610
3399
3459
3282
3521
3323
3519
3482
3436
3658
3602
3502
3546
3537
3387
3405
3547
3575
3387
3368
3601
3562
3813
3255
3394
3483
3504
3540
3676
3567
3514
3614
3464
3472
3483
3350
3591
3798
3546
3511
3668
3318
3406
3516
3526
3462
3591
3327
3316
3382
3629
3583
3705
3501
3558
3641
3431
3496
3551
3391
3583
3473
3556
3513
3513
3321
3505
3358
3498
3561
3576
3491
3442
3405
3589
3611
3693
3371
3341
3516
3473
3528
3472
3545
3288
3538
3615
3418
3526
3599
3491
3550
3555
3593
3573
3235
3194
3362
3683
3610
3520
3575
3401
3493
3570
3335
3505
3451
3519
3391
3521
3616
3691
3561
3334
3509
3438
3524
3599
3737
3486
3588
3392
3424
3447
3616
3499
3493
3488
3802
3437
3614
3586
3298
3585
3492
3587
3559
3464
3578
3686
3199
3496
3466
3637
3358
3545
3590
3392
3232
3572
3543
3585
3374
3461
3617
3317
3343
3598
3490
3436
3687
3430
3424
3383
3561
3446
3388
3527
3460
3510
3458
3403
3430
3455
3576
3514
3462
3570
3591
3428
3466
3327
3282
3433
3501
3727
3350
3660
3476
3600
3365
3413
3416
3420
3530
3764
3659
3465
3451
3550
3558
3662
3558
3281
3505
3518
3693
3681
3511
3409
3483
3466
3328
3386
3562
3426
3555
3417
3698
3463
3559
3634
3783
3507
3292
3511
3695
3531
3672
3560
3308
3457
3393
3470
3541
3601
3626
3520
3558
3316
3585
3320
3592
3468
3495
3570
3746
3614
3487
3598
3537
3469
3575
3316
3577
3562
3529
3538
3295
3563
3527
3512
3578
3610
3564
3295
3507
3468
3292
3382
3447
3775
3489
3395
3619
3512
3658
3568
3558
3713
3486
3554
3489
3502
3470
3552
3752
3589
3322
3396
3497
3590
3455
3639
3569
3596
3609
3601
3589
3468
3431
3557
3601
3694
3400
3680
3585
3413
3408
3651
3551
3410
3552
3711
3180
3479
3573
3566
3267
3474
3607
3518
3310
3292
3510
3700
3399
3340
3564
3659
3721
3362
3383
3393
3456
3481
3530
3574
3379
3678
3742
3631
3592
3584
3548
3587
3355
3664
3345
3618
3541
3444
3641
3729
3488
3554
3484
3589
3687
3406
3626
3534
3564
3556
3507
3656
3574
3409
3466
3550
3486
3558
3571
3387
3472
3607
3704
3277
3486
3458
3584
3680
3681
3482
3242
3719
3399
3524
3376
3612
3555
3497
3593
3577
3359
3435
3449
3571
3735
3484
3415
3649
3583
3526
3423
3387
3605
3579
3369
3529
3479
3412
3512
3451
3457
3381
3473
3548
3354
3508
3626
3515
3581
3498
3459
3381
3475
3412
3664
3424
3725
3580
3341
3587
3540
3466
3381
3312
3581
3518
3642
3437
3403
3517
3596
3562
3429
3304
3530
3597
3668
3219
3585
3468
3667
3501
3406
3546
3482
3315
3543
3518
3476
3699
3564
3504
3508
3519
3333
3575
3345
3340
3641
3456
3631
3492
3580
3489
3604
3600
3456
3260
3456
3459
3502
3431
3654
3473
3582
3264
3369
3565
3647
3734
3444
3341
3376
3383
3554
3783
3375
3469
3703
3604
3370
3414
3443
3536
3459
3494
3562
3463
3547
3486
3289
3460
3596
3508
3540
3580
3491
3385
3482
3461
3580
3462
3562
3573
3449
3565
3640
3606
3375
3544
3490
3533
3432
3676
3563
3204
3392
3632
3638
3803
3314
3517
3455
3658
3558
3381
3523
3547
3481
3536
3411
3507
3484
3544
3522
3512
3738
3528
3501
3533
3370
3238
3387
3496
3360
3395
3542
3423
3577
3543
3597
3580
3683
3489
3594
3661
3835
3500
3545
3569
3714
3493
3463
3486
3472
3347
3478
3274
3336
3718
3599
3594
3578
3417
3457
3528
3369
3574
3488
3700
3430
3584
3476
3509
3675
3329
3539
3591
3520
3558
3462
3343
3628
3557
3500
3568
3493
3595
3372
3552
3417
3811
3676
3530
3229
3504
3445
3683
3422
3572
3542
3382
3627
3517
3555
3539
3592
3512
3336
3564
3440
3353
3551
3276
3515
3510
3552
3603
3579
3550
3339
3550
3520
3547
3439
3487
3792
3530
3548
3466
3619
3516
3545
3192
3606
3460
3426
3485
3553
3568
3396
3256
3573
3499
3462
3505
3598
3543
3624
3361
3664
3534
3626
3525
3280
3748
3643
3517
3696
3474
3586
3385
3423
3618
3375
3747
3540
3636
3627
3636
3607
3530
3580
3678
3446
3664
3590
3485
3317
3497
3452
3499
3573
3455
3626
3181
3491
3548
3265
3550
3493
3623
3579
3542
3477
3523
3678
3566
3654
3447
3686
3402
3608
3623
3499
3514
3461
3495
3609
3497
3637
3415
3484
3596
3326
3674
3308
3408
3516
3559
3425
3419
3527
3710
3647
3423
3388
3534
3640
3605
3399
3675
3570
3475
3475
3606
3525
3619
3531
3578
3433
3520
3647
3592
3447
3486
3349
3567
3308
3474
3608
3418
3526
3661
3693
3429
3464
3637
3428
3489
3285
3445
3410
3626
3202
3643
3521
3595
3674
3672
3578
3365
3672
3690
3658
3379
3601
3638
3485
3692
3556
3448
3582
3414
3676
3515
3654
3421
3563
3402
3565
3423
3407
3300
3365
3521
3312
3518
3497
3643
3547
3521
3572
3513
3449
3438
3531
3459
3630
3548
3450
3398
3226
3586
3356
3658
3493
3428
3329
3427
3652
3566
3454
3522
3652
3476
3601
3522
3426
3628
3488
3501
3478
3597
3399
3529
3515
3499
3266
3605
3460
3386
3613
3469
3482
3641
3358
3454
3349
3629
3432
3527
3485
3574
3374
3491
3534
3252
3650
3427
3514
3541
3436
3478
3743
3607
3683
3401
3423
3507
3431
3366
3612
3578
3526
3554
3545
3232
3441
3160
3511
3379
3493
3517
3554
3570
3423
3463
3547
3509
3417
3356
3529
3583
3718
3603
3490
3424
3537
3435
3535
3542
3432
3525
3511
3507
3572
3406
3355
3579
3672
3450
3315
3580
3324
3425
3524
3546
3592
3533
3682
3549
3602
3444
3375
3720
3716
3649
3716
3551
3600
3453
3564
3480
3625
3627
3451
3506
3561
3649
3673
3506
3455
3438
3549
3364
3581
3525
3717
3678
3678
3665
3635
3746
3484
3491
3666
3526
3600
3397
3513
3546
3709
3349
3490
3371
3540
3561
3599
3558
3436
3406
3468
3356
3604
3782
3582
3575
3755
3749
3698
3608
3517
3509
3582
3692
3531
3493
3539
3494
3616
3475
3537
3455
3572
3492
3315
3701
3387
3627
3618
3423
3304
3522
3424
3401
3231
3526
3384
3541
3532
3490
3615
3626
3620
3419
3675
3540
3578
3328
3694
3354
3467
3613
3493
3500
3270
3569
3337
3541
3302
3514
3470
3576
3704
3522
3622
3578
3209
3262
3433
3345
3572
3444
3617
3520
3509
3578
3420
3555
3521
3633
3474
3560
3636
3325
3458
3653
3596
3287
3760
3464
3426
3711
3626
3569
3322
3563
3411
3561
3547
3622
3480
3566
3522
3457
3404
3401
3516
3471
3507
3663
3530
3402
3506
3539
3582
3371
3464
3632
3463
3518
3473
3492
3697
3402
3418
3736
3387
3539
3643
3521
3486
3554
3475
3495
3308
3286
3540
3360
3359
3377
3285
3664
3555
3580
3695
3467
3497
3445
3266
3415
3420
3575
3504
3614
3668
3655
3339
3615
3664
3510
3561
3654
3466
3642
3336
3273
3358
3667
3590
3542
3571
3551
3639
3494
3785
3726
3543
3564
3447
3639
3535
3613
3578
3603
3629
3397
3532
3538
3500
3379
3688
3488
3371
3581
3495
3332
3433
3236
3574
3409
3428
3492
3436
3538
3601
3543
3379
3475
3472
3494
3704
3486
3553
3562
3490
3677
3545
3597
3503
3563
3584
3581
3377
3589
3621
3377
3580
3586
3595
3509
3704
3548
3694
3455
3479
3424
3504
3451
3481
3372
3423
3686
3447
3412
3479
3650
3365
3512
3550
3363
3572
3641
3557
3664
3275
3392
3573
3517
3312
3551
3500
3677
3462
3425
3435
3449
3727
3542
3477
3413
3477
3734
3499
3582
3645
3582
3503
3286
3529
3452
3663
3400
3633
3497
3290
3318
3594
3593
3509
3601
3099
3503
3530
3478
3539
3659
3518
3424
3585
3557
3521
3672
3456
3463
3518
3666
3408
3526
3547
3336
3621
3683
3558
3440
3587
3210
3525
3452
3649
3505
3562
3328
3651
3450
3418
3264
3500
3517
3598
3577
3626
3693
3730
3516
3683
3561
3486
3335
3453
3401
3502
3502
3662
3317
3435
3487
3397
3501
3725
3352
3556
3512
3527
3374
3326
3566
3325
3545
3236
3553
3524
3616
3493
3595
3639
3572
3520
3428
3594
3493
3496
3557
3759
3466
3412
3546
3554
3579
3586
3379
3386
3549
3435
3397
3673
3620
3456
3410
3468
3589
3480
3472
3600
3592
3441
3531
3242
3559
3513
3700
3535
3492
3671
3515
3492
3562
3642
3607
3389
3537
3461
3660
3398
3418
3370
3528
3569
3598
3709
3457
3582
3576
3450
3683
3560
3631
3494
3463
3524
3533
3527
3456
3500
3508
3585
3628
3542
3489
3657
3486
3427
3594
3603
3503
3666
3741
3433
3658
3606
3718
3393
3415
3585
3527
3548
3575
3363
3347
3442
3695
3634
3566
3497
3757
3412
3565
3506
3461
3422
3615
3532
3572
3582
3449
3401
3490
3367
3353
3574
3527
3544
3539
3525
3397
3485
3568
3448
3654
3544
3426
3632
3392
3529
3540
3563
3418
3589
3632
3580
3504
3603
3526
3570
3632
3497
3485
3349
3546
3524
3520
3656
3786
3601
3481
3364
3517
3447
3748
3463
3531
3618
3572
3527
3512
3479
3518
3490
3678
3530
3575
3556
3601
3534
3581
3500
3214
3511
3730
3450
3484
3614
3530
3455
3553
3339
3476
3517
3616
3428
3222
3457
3643
3487
3573
3598
3436
3364
3491
3547
3507
3472
3707
3638
3506
3470
3395
3574
3702
3507
3525
3493
3401
3408
3538
3659
3611
3585
3312
3573
3298
3518
3550
3491
3449
3497
3598
3528
3497
3521
3583
3441
3592
3502
3577
3468
3574
3309
3352
3590
3591
3612
3473
3719
3360
3504
3512
3588
3535
3275
3612
3441
3493
3489
3464
3576
3580
3506
3366
3528
3372
3417
3456
3688
3576
3248
3700
3530
3420
3549
3538
3620
3436
3574
3594
3545
3686
3564
3592
3598
3385
3540
3495
3347
3503
3493
3521
3472
3499
3443
3410
3636
3296
3309
3340
3589
3573
3470
3475
3331
3480
3568
3602
3543
3364
3438
3618
3522
3579
3545
3523
3369
3712
3601
3454
3270
3375
3517
3559
3435
3717
3547
3522
3545
3575
3598
3600
3552
3503
3724
3582
3474
3264
3373
3664
3649
3581
3513
3388
3635
3601
3377
3475
3385
3426
3389
3643
3604
3620
3635
3711
3326
3596
3502
3632
3521
3537
3433
3517
3378
3542
3453
3487
3446
3614
3616
3437
3787
3358
3634
3365
3420
3539
3554
3331
3380
3377
3462
3413
3434
3374
3631
3382
3521
3332
3468
3621
3475
3689
3795
3540
3564
3369
3409
3604
3582
3507
3458
3457
3663
3463
3480
3460
3664
3640
3523
3624
3490
3564
3633
3576
3568
3568
3450
3587
3696
3546
3524
3427
3585
3534
3678
3674
3737
3679
3595
3566
3511
3584
3472
3675
3484
3480
3525
3582
3503
3467
3597
3553
3583
3721
3518
3384
3504
3415
3648
3415
3499
3585
3533
3319
3384
3718
3250
3374
3357
3345
3573
3577
3706
3439
3428
3539
3325
3457
3506
3470
3355
3689
3683
3707
3263
3314
3486
3494
3678
3532
3577
3503
3663
3422
3573
3592
3669
3521
3398
3542
3433
3488
3761
3372
3362
3687
3596
3681
3407
3502
3600
3675
3684
3459
3581
3577
3504
3643
3499
3431
3698
3327
3536
3499
3431
3368
3570
3621
3603
3560
3367
3541
3540
3400
3498
3573
3516
3189
3384
3384
3450
3456
3681
3620
3599
3486
3538
3357
3589
3497
3517
3513
3320
3561
3717
3340
3239
3352
3645
3443
3482
3428
3600
3585
3550
3237
3637
3537
3665
3469
3514
3652
3473
3571
3510
3412
3472
3604
3627
3358
3575
3402
3625
3354
3458
3454
3460
3431
3330
3478
3551
3650
3435
3601
3553
3693
3631
3641
3589
3454
3560
3578
3597
3502
3722
3605
3444
3460
3416
3415
3430
3412
3401
3580
3551
3449
3488
3211
3402
3591
3582
3490
3490
3509
3635
3343
3455
3436
3291
3690
3538
3424
3560
3379
3556
3519
3436
3525
3575
3529
3605
3369
3628
3673
3331
3500
3549
3575
3537
3395
3620
3666
3372
3662
3616
3560
3563
3460
3179
3561
3386
3527
3627
3339
3564
3546
3606
3590
3645
3595
3386
3418
3143
3615
3504
3450
3450
3463
3503
3291
3678
3626
3349
3510
3540
3663
3423
3713
3656
3613
3405
3310
3407
3481
3585
3558
3689
3520
3556
3471
3553
3528
3730
3510
3513
3474
3486
3450
3444
3546
3480
3353
3425
3476
3552
3514
3763
3446
3616
3426
3642
3404
3547
3512
3458
3426
3740
3528
3377
3480
3414
3418
3772
3418
3386
3579
3491
3568
3523
3593
3545
3665
3574
3584
3446
3583
3690
3353
3135
3384
3622
3417
3672
3634
3503
3573
3438
3582
3495
3309
3666
3366
3586
3336
3202
3757
3526
3543
3493
3364
3537
3603
3547
3503
3666
3507
3479
3655
3403
3641
3635
3598
3436
3666
3567
3425
3565
3474
3466
3469
3699
3640
3604
3416
3483
3643
3460
3610
3444
3554
3494
3457
3506
3420
3628
3499
3654
3619
3619
3274
3489
3581
3453
3667
3419
3508
3560
3445
3641
3728
3554
3501
3355
3535
3655
3401
3517
3458
3695
3321
3504
3578
3470
3232
3367
3587
3593
3560
3481
3558
3503
3601
3571
3467
3430
3479
3587
3654
3454
3464
3545
3487
3361
3491
3406
3403
3588
3538
3381
3441
3321
3548
3422
3475
3391
3660
3454
3698
3381
3560
3196
3545
3441
3489
3566
3529
3442
3491
3507
3531
3687
3611
3666
3165
3397
3395
3447
3451
3534
3359
3558
3624
3495
3451
3500
3501
3426
3494
3630
3596
3404
3540
3489
3579
3532
3435
3429
3458
3368
3572
3491
3539
3591
3466
3580
3583
3342
3409
3658
3328
3618
3703
3598
3477
3395
3305
3583
3584
3399
3422
3610
3623
3644
3427
3745
3484
3578
3524
3303
3475
3683
3553
3589
3609
3537
3592
3520
3483
3591
3544
3618
3714
3455
3586
3496
3443
3315
3587
3432
3538
3577
3610
3494
3702
3504
3483
3627
3447
3499
3647
3385
3620
3524
3396
3651
3487
3490
3605
3432
3534
3252
3563
3635
3407
3707
3416
3718
3593
3637
3634
3508
3522
3497
3612
3328
3327
3631
3434
3611
3548
3456
3642
3519
3520
3290
3562
3404
3713
3383
3665
3326
3499
3484
3161
3605
3476
3333
3673
3666
3528
3619
3538
3649
3461
3671
3266
3281
3518
3534
3436
3558
3593
3466
3490
3515
3381
3627
3597
3465
3618
3637
3351
3455
3563
3592
3552
3424
3415
3461
3583
3610
3343
3321
3503
3323
3482
3468
3469
3551
3408
3286
3528
3518
3442
3437
3586
3563
3650
3434
3665
3560
3567
3503
3412
3381
3608
3654
3457
3414
3526
3488
3509
3402
3495
3514
3572
3391
3533
3571
3590
3375
3330
3409
3612
3506
3593
3663
3576
3475
3678
3503
3735
3665
3693
3617
3644
3599
3645
3488
3505
3467
3329
3609
3412
3627
3462
3441
3443
3337
3332
3576
3598
3580
3605
3651
3418
3652
3601
3495
3556
3613
3534
3531
3454
3421
3576
3414
3563
3674
3562
3420
3590
3557
3551
3615
3479
3453
3481
3492
3489
3342
3520
3639
3437
3467
3559
3534
3672
3653
3489
3697
3492
3573
3555
3484
3480
3699
3588
3520
3811
3358
3406
3522
3525
3519
3607
3475
3332
3542
3718
3577
3489
3665
3666
3400
3500
3358
3503
3506
3610
3733
3606
3631
3502
3637
3485
3285
3546
3568
3514
3449
3516
3427
3449
3423
3457
3667
3504
3361
3660
3420
3590
3682
3536
3531
3529
3626
3414
3569
3647
3710
3380
3410
3632
3614
3586
3380
3516
3791
3665
3590
3378
3508
3519
3706
3731
3465
3373
3414
3452
3342
3655
3471
3537
3287
3523
3547
3519
3524
3504
3523
3391
3689
3490
3667
3693
3358
3492
3512
3426
3444
3621
3575
3606
3591
3456
3509
3700
3496
3488
3471
3482
3630
3467
3583
3467
3401
3690
3303
3677
3335
3382
3458
3492
3463
3607
3395
3383
3587
3572
3412
3396
3333
3546
3673
3660
3513
3149
3559
3417
3352
3670
3550
3666
3637
3676
3454
3466
3519
3354
3549
3594
3465
3624
3496
3578
3494
3592
3527
3603
3496
3627
3446
3423
3451
3535
3433
3589
3313
3615
3483
3365
3574
3451
3755
3447
3610
3293
3726
3531
3522
3601
3481
3473
3535
3482
3438
3537
3518
3498
3482
3744
3571
3478
3474
3454
3457
3518
3510
3417
3491
3583
3599
3498
3546
3484
3452
3480
3476
3613
3469
3438
3544
3615
3610
3563
3311
3434
3559
3593
3368
3449
3524
3568
3513
3486
3592
3567
3593
3327
3513
3425
3760
3565
3454
3466
3522
3273
3598
3565
3449
3349
3466
3275
3709
3269
3449
3654
3394
3459
3467
3444
3479
3431
3291
3248
3536
3657
3673
3508
3698
3600
3646
3474
3462
3504
3549
3539
3480
3530
3714
3491
3557
3463
3438
3448
3493
3618
3651
3547
3564
3647
3449
3538
3518
3409
3569
3583
3632
3421
3765
3510
3440
3598
3679
3616
3762
3617
3529
3619
3587
3295
3498
3397
3614
3522
3383
3521
3613
3541
3175
3403
3422
3635
3548
3621
3440
3325
3500
3592
3567
3754
3758
3506
3476
3474
3479
3390
3567
3549
3570
3548
3565
3533
3482
3596
3706
3598
3504
3653
3666
3621
3579
3468
3576
3588
3339
3422
3664
3618
3644
3507
3643
3579
3548
3479
3380
3619
3504
3463
3517
3428
2973
3492
3504
3456
3589
3601
3350
3522
3643
3545
3594
3549
3505
3380
3739
3338
3617
3420
3723
3497
3406
3399
3382
3552
3447
3454
3430
3396
3460
3579
3299
3350
3453
3562
3722
3538
3679
3496
3399
3676
3376
3588
3620
3550
3706
3457
3350
3662
3465
3567
3542
3387
3423
3510
3467
3597
3603
3490
3569
3456
3455
3434
3639
3640
3635
3581
3623
3487
3452
3369
3525
3423
3569
3628
3330
3382
3401
3560
3443
3381
3229
3475
3700
3708
3512
3635
3608
3408
3426
3664
3717
3413
3424
3430
3427
3578
3481
3609
3418
3625
3433
3602
3504
3458
3420
3601
3369
3532
3558
3594
3550
3585
3742
3501
3508
3442
3559
3761
3501
3498
3418
3619
3446
3150
3593
3449
3511
3330
3431
3396
3547
3491
3510
3605
3378
3505
3475
3570
3561
3692
3494
3604
3588
3452
3435
3267
3308
3610
3490
3665
3464
3410
3605
3537
3318
3606
3636
3695
3462
3515
3509
3402
3446
3543
3589
3538
3492
3526
3410
3617
3562
3468
3586
3526
3378
3691
3577
3553
3596
3541
3510
3427
3319
3383
3411
3474
3560
3482
3537
3503
3640
3413
3709
3427
3464
3495
3412
3572
3577
3601
3388
3414
3456
3462
3560
3538
3664
3521
3592
3510
3547
3679
3421
3559
3607
3498
3523
3617
3365
3378
3660
3451
3580
3370
3384
3468
3715
3568
3583
3262
3500
3509
3443
3655
3435
3498
3668
3310
3647
3482
3494
3621
3427
3482
3608
3499
3143
3537
3408
3549
3592
3539
3305
3528
3590
3655
3456
3626
3628
3599
3644
3465
3472
3513
3693
3499
3659
3691
3507
3434
3302
3549
3568
3605
3446
3620
3619
3557
3504
3653
3419
3315
3638
3416
3581
3304
3561
3563
3418
3587
3434
3715
3617
3634
3641
3591
3461
3545
3283
3465
3413
3367
3498
3616
3452
3320
3589
3396
3594
3451
3509
3472
3565
3456
3581
3571
3433
3403
3255
3710
3496
3475
3338
3662
3405
3584
3531
3469
3572
3448
3646
3496
3458
3460
3393
3720
3498
3515
3389
3469
3631
3649
3393
3607
3504
3253
3570
3523
3602
3431
3594
3575
3470
3273
3527
3613
3420
3317
3595
3528
3513
3576
3456
3730
3451
3701
3585
3632
3556
3561
3654
3264
3582
3364
3477
3602
3364
3413
3548
3668
3425
3585
3208
3727
3422
3602
3551
3585
3544
3643
3489
3533
3615
3571
3509
3480
3609
3554
3357
3342
3294
3562
3720
3572
3491
3606
3590
3294
3531
3514
3674
3616
3568
3584
3640
3531
3352
3539
3445
3707
3384
3183
3610
3427
3589
3328
3282
3645
3301
3641
3385
3467
3469
3542
3530
3533
3412
3579
3430
3467
3412
3390
3398
3648
3442
3439
3314
3534
3580
3558
3342
3659
3635
3637
3492
3488
3409
3501
3612
3553
3516
3409
3527
3537
3522
3569
3461
3604
3647
3666
3549
3545
3526
3485
3413
3495
3558
3533
3662
3544
3603
3498
3648
3617
3432
3481
3488
3408
3636
3577
3549
3556
3412
3410
3501
3533
3474
3502
3666
3508
3388
3584
3569
3474
3472
3546
3611
3656
3615
3519
3463
3378
3359
3719
3576
3647
3313
3597
3536
3405
3652
3594
3434
3366
3490
3596
3798
3281
3665
3337
3469
3460
3609
3360
3660
3443
3467
3478
3732
3455
3386
3458
3556
3498
3545
3507
3536
3566
3501
3446
3490
3610
3453
3683
3703
3254
3556
3460
3373
3546
3168
3417
3407
3377
3452
3507
3459
3603
3663
3663
3588
3632
3694
3462
3561
3484
3572
3506
3473
3626
3484
3644
3572
3418
3476
3651
3582
3509
3531
3566
3433
3519
3640
3490
3420
3417
3333
3624
3604
3668
3523
3506
3512
3577
3611
3359
3440
3660
3664
3657
3444
3438
3632
3444
3516
3580
3631
3765
3406
3432
3519
3518
3532
3687
3610
3463
3353
3596
3562
3508
3537
3507
3529
3478
3496
3399
3405
3659
3460
3499
3488
3472
3455
3533
3614
3435
3429
3620
3444
3490
3596
3599
3450
3530
3680
3721
3584
3678
3766
3499
3614
3545
3376
3573
3309
3539
3471
3502
3640
3850
3394
3418
3524
3555
3404
3716
3642
3619
3523
3407
3592
3538
3481
3536
3794
3555
3398
3518
3544
3508
3498
3402
3598
3502
3593
3580
3482
3609
3449
3578
3583
3613
3591
3615
3454
3690
3631
3277
3520
3719
3489
3588
3676
3486
3618
3444
3658
3563
3352
3584
3553
3505
3459
3380
3546
3466
3469
3504
3725
3292
3500
3570
3493
3427
3493
3579
3552
3684
3385
3460
3357
3575
3705
3599
3364
3519
3551
3526
3404
3663
3533
3537
3702
3481
3452
3506
3478
3539
3252
3471
3508
3578
3552
3591
3529
3549
3310
3489
3676
3437
3430
3481
3550
3445
3616
3552
3316
3480
3616
3378
3354
3659
3576
3563
3486
3592
3520
3556
3496
3577
3566
3434
3466
3567
3395
3622
3357
3504
3482
3355
3470
3677
3481
3471
3635
3558
3431
3632
3613
3734
3466
3730
3546
3621
3496
3359
3405
3529
3510
3531
3513
3329
3543
3463
3450
3678
3405
3564
3375
3469
3577
3531
3407
3479
3407
3398
3194
3575
3594
3435
3419
3599
3675
3350
3445
3619
3333
3590
3637
3545
3539
3310
3440
3503
3425
3570
3549
3683
3451
3365
3503
3386
3550
3523
3490
3411
3381
3563
3661
3342
3542
3526
3454
3729
3648
3292
3642
3456
3547
3420
3661
3534
3737
3708
3460
3397
3492
3492
3256
3305
3458
3488
3399
3562
3547
3439
3561
3566
3437
3487
3220
3526
3270
3506
3563
3547
3536
3291
3521
3432
3637
3489
3674
3719
3407
3488
3427
3509
3403
3514
3421
3513
3562
3526
3578
3561
3418
3566
3486
3448
3484
3470
3204
3731
3464
3406
3316
3479
3502
3601
3498
3424
3525
3582
3414
3523
3490
3617
3561
3561
3438
3471
3546
3394
3610
3430
3498
3585
3447
3621
3603
3401
3593
3341
3540
3397
3408
3683
3490
3698
3499
3339
3337
3524
3583
3529
3198
3618
3496
3505
3727
3350
3456
3477
3491
3568
3696
3633
3420
3600
3443
3604
3587
3389
3604
3383
3718
3639
3605
3732
3436
3558
3566
3570
3422
3730
3385
3479
3650
3637
3563
3485
3599
3405
3379
3603
3481
3480
3507
3656
3488
3445
3340
3527
3382
3566
3507
3531
3538
3442
3229
3596
3563
3490
3457
3472
3657
3699
3538
3615
3644
3578
3569
3530
3524
3312
3411
3299
3524
3628
3244
3615
3406
3487
3402
3450
3398
3564
3687
3328
3507
3442
3295
3445
3544
3568
3537
3825
3426
3377
3509
3775
3506
3332
3551
3559
3373
3490
3593
3492
3423
3815
3530
3551
3662
3542
3681
3367
3458
3302
3543
3516
3562
3278
3524
3556
3587
3529
3573
3454
3558
3606
3632
3573
3671
3674
3391
3718
3528
3447
3558
3412
3557
3496
3449
3582
3596
3507
3540
3540
3461
3671
3470
3314
3373
3312
3570
3541
3757
3677
3394
3358
3335
3687
3299
3442
3459
3484
3528
3559
3479
3638
3642
3550
3528
3681
3572
3444
3278
3513
3486
3462
3474
3555
3523
3575
3442
3579
3594
3378
3696
3575
3801
3667
3507
3606
3698
3367
3406
3460
3589
3388
3573
3581
3621
3513
3495
3527
3511
3493
3583
3625
3404
3312
3730
3407
3470
3565
3655
3526
3389
3396
3555
3482
3582
3505
3344
3441
3387
3292
3380
3486
3512
3604
3364
3397
3509
3459
3595
3523
3483
3486
3584
3423
3669
3506
3453
3621
3281
3311
3342
3696
3581
3622
3673
3494
3450
3453
3522
3567
3359
3725
3544
3411
3335
3675
3245
3536
3511
3428
3463
3636
3366
3459
3434
3370
3640
3523
3350
3736
3749
3588
3463
3534
3594
3488
3568
3403
3516
3339
3572
3467
3420
3654
3577
3541
3584
3540
3527
3519
3502
3568
3447
3460
3750
3520
3418
3575
3477
3695
3604
3487
3399
3431
3610
3567
3226
3358
3605
3477
3689
3518
3514
3511
3572
3530
3442
3554
3439
3594
3626
3658
3477
3537
3589
3486
3335
3292
3613
3505
3601
3694
3569
3420
3598
3655
3361
3302
3709
3526
3664
3502
3461
3452
3571
3366
3556
3473
3552
3561
3685
3518
3533
3532
3243
3558
3448
3431
3416
3435
3651
3290
3824
3504
3529
3501
3481
3536
3439
3574
3474
3415
3442
3654
3388
3677
3679
3649
3686
3265
3519
3595
3664
3693
3707
3515
3542
3510
3530
3470
3524
3528
3569
3460
3474
3384
3446
3692
3492
3367
3494
3402
3466
3559
3264
3368
3542
3415
3629
3300
3647
3308
3541
3567
3539
3473
3491
3457
3300
3645
3564
3409
3512
3455
3427
3535
3529
3633
3519
3608
3642
3559
3736
3413
3739
3574
3514
3517
3519
3511
3558
3496
3676
3620
3575
3460
3568
3507
3462
3591
3493
3461
3600
3422
3491
3474
3472
3448
3469
3282
3707
3622
3639
3423
3652
3535
3477
3741
3434
3500
3596
3579
3529
3375
3512
3684
3458
3585
3690
3484
3617
3578
3389
3464
3345
3532
3446
3618
3536
3609
3575
3496
3401
3370
3584
3666
3493
3734
3697
3414
3598
3474
3713
3321
3579
3588
3523
3328
3557
3518
3363
3676
3502
3398
3475
3386
3589
3455
3556
3368
3597
3513
3489
3556
3342
3601
3542
3360
3615
3540
3347
3562
3291
3498
3495
3573
3540
3359
3728
3362
3468
3532
3576
3651
3662
3493
3474
3541
3351
3585
3566
3516
3592
3761
3515
3651
3376
3284
3433
3481
3343
3654
3746
3562
3420
3567
3540
3674
3706
3671
3344
3354
3591
3584
3601
3642
3672
3525
3472
3554
3585
3568
3530
3608
3343
3238
3570
3678
3415
3599
3446
3726
3590
3273
3700
3440
3598
3445
3633
3565
3519
3572
3637
3535
3563
3459
3599
3736
3655
3411
3505
3355
3320
3516
3578
3358
3379
3635
3726
3519
3353
3556
3519
3396
3270
3465
3490
3443
3628
3531
3417
3671
3409
3422
3328
3663
3756
3219
3428
3454
3515
3334
3499
3548
3705
3428
3550
3645
3433
3560
3592
3495
3218
3492
3549
3616
3529
3554
3657
3391
3205
3726
3394
3581
3387
3464
3638
3252
3508
3450
3555
3598
3338
3454
3479
3539
3638
3607
3721
3648
3495
3371
3508
3592
3509
3582
3415
3564
3449
3398
3634
3732
3679
3510
3452
3506
3523
3354
3546
3272
3589
3539
3523
3282
3460
3577
3555
3437
3642
3485
3428
3656
3328
3582
3423
3490
3498
3520
3321
3321
3469
3478
3655
3492
3645
3515
3623
3537
3540
3751
3574
3550
3501
3503
3389
3516
3576
3633
3560
3678
3684
3494
3383
3500
3606
3590
3347
3472
3484
3532
3704
3320
3469
3580
3428
3384
3085
3540
3444
3558
3384
3560
3567
3669
3438
3300
3608
3706
3615
3543
3449
3382
3623
3436
3674
3438
3467
3595
3222
3421
3356
3506
3565
3558
3655
3578
3317
3531
3536
3461
3626
3499
3495
3604
3538
3374
3507
3468
3392
3610
3389
3448
3553
3561
3644
3578
3425
3523
3619
3747
3502
3445
3282
3691
3512
3632
3440
3508
3524
3671
3640
3464
3458
3685
3601
3616
3525
3540
3598
3595
3597
3508
3366
3646
3347
3590
3540
3390
3520
3627
3482
3536
3676
3360
3596
3649
3442
3494
3581
3460
3492
3282
3517
3492
3554
3332
3276
3672
3474
3451
3655
3546
3678
3574
3660
3699
3504
3537
3422
3602
3469
3647
3508
3366
3494
3517
3422
3449
3437
3545
3458
3526
3458
3676
3324
3616
3519
3573
3712
3464
3649
3431
3511
3555
3641
3449
3579
3567
3486
3601
3437
3810
3542
3395
3369
3563
3627
3357
3588
3503
3491
3565
3600
3514
3456
3531
3466
3387
3476
3536
3647
3653
3539
3695
3521
3552
3676
3624
3535
3540
3299
3539
3431
3584
3452
3441
3513
3308
3704
3539
3692
3418
3601
3644
3508
3625
3456
3285
3513
3389
3395
3363
3252
3599
3506
3325
3674
3476
3539
3569
3630
3506
3695
3590
3402
3692
3724
3559
3474
3396
3572
3515
3478
3480
3458
3418
3457
3512
3519
3536
3473
3372
3597
3601
3477
3360
3582
3629
3363
3508
3385
3520
3522
3540
3656
3691
3689
3601
3486
3595
3577
3361
3549
3386
3542
3445
3603
3464
3562
3679
3549
3369
3391
3600
3514
3678
3593
3375
3658
3363
3379
3444
3531
3486
3708
3566
3505
3535
3688
3672
3590
3519
3367
3463
3517
3519
3766
3554
3520
3683
3519
3467
3523
3527
3518
3433
3482
3541
3557
3520
3598
3418
3540
3431
3740
3640
3503
3396
3537
3482
3750
3484
3514
3381
3302
3411
3473
3643
3458
3699
3312
3484
3538
3479
3531
3647
3640
3623
3513
3590
3514
3416
3437
3586
3512
3477
3610
3405
3463
3586
3487
3525
3227
3556
3612
3443
3640
3619
3490
3546
3437
3315
3649
3536
3491
3564
3502
3669
3476
3230
3607
3437
3544
3366
3239
3683
3704
3639
3638
3428
3491
3656
3692
3518
3486
3548
3434
3410
3412
3693
3525
3578
3723
3534
3765
3484
3517
3711
3635
3553
3774
3431
3722
3490
3405
3298
3528
3437
3601
3594
3504
3664
3489
3322
3426
3523
3624
3574
3644
3542
3492
3527
3580
3506
3498
3424
3614
3655
3636
3578
3671
3555
3543
3465
3528
3643
3600
3557
3413
3647
3549
3346
3530
3421
3440
3504
3613
3595
3554
3630
3712
3741
3461
3775
3623
3471
3588
3602
3617
3437
3590
3554
3460
3480
3501
3356
3635
3576
3529
3570
3629
3517
3536
3601
3480
3561
3570
3686
3358
3498
3424
3472
3566
3617
3396
3613
3585
3378
3359
3508
3488
3219
3510
3404
3749
3594
3498
3460
3518
3428
3636
3488
3677
3533
3665
3630
3492
3574
3489
3459
3490
3416
3495
3491
3450
3429
3680
3458
3474
3640
3577
3460
3505
3616
3620
3523
3530
3622
3597
3380
3618
3394
3490
3432
3527
3466
3521
3515
3182
3436
3502
3441
3440
3356
3688
3377
3708
3435
3620
3684
3429
3544
3680
3524
3568
3411
3507
3709
3354
3481
3569
3568
3476
3680
3710
3624
3395
3565
3313
3517
3348
3523
3717
3689
3676
3188
3462
3433
3531
3520
3733
3466
3380
3592
3666
3249
3487
3489
3603
3422
3537
3553
3475
3754
3766
3471
3615
3285
3489
3402
3573
3390
3489
3322
3400
3466
3599
3658
3425
3659
3572
3498
3490
3405
3468
3479
3338
3381
3434
3444
3563
3544
3410
3410
3614
3664
3447
3472
3524
3694
3518
3512
3577
3456
3425
3574
3499
3363
3377
3506
3366
3571
3471
3508
3590
3493
3532
3745
3435
3693
3558
3385
3554
3349
3386
3529
3454
3497
3389
3555
3408
3513
3553
3559
3703
3485
3656
3484
3550
3558
3378
3458
3555
3565
3561
3648
3518
3470
3688
3518
3361
3523
3434
3432
3453
3626
3450
3511
3519
3538
3441
3491
3749
3531
3639
3384
3634
3493
3649
3599
3524
3485
3410
3593
3795
3451
3609
3509
3395
3615
3419
3377
3562
3522
3669
3565
3459
3610
3628
3627
3499
3298
3716
3494
3602
3657
3626
3482
3452
3421
3442
3497
3413
3533
3324
3346
3651
3578
3524
3535
3476
3584
3642
3462
3558
3551
3648
3576
3391
3399
3441
3521
3305
3406
3399
3383
3653
3381
3267
3379
3479
3613
3609
3338
3653
3476
3599
3456
3423
3414
3394
3543
3457
3440
3480
3387
3587
3496
3244
3642
3484
3398
3230
3550
3513
3531
3442
3716
3536
3628
3377
3514
3368
3300
3484
3346
3428
3499
3446
3723
3238
3557
3636
3604
3664
3733
3456
3455
3567
3536
3446
3460
3383
3662
3558
3382
3449
3356
3712
3522
3576
3344
3577
3605
3455
3533
3318
3595
3648
3410
3378
3547
3535
3557
3439
3630
3636
3609
3533
3367
3511
3598
3560
3629
3513
3435
3556
3524
3438
3537
3371
3384
3402
3423
3660
3570
3529
3583
3598
3625
3510
3398
3583
3491
3255
3363
3502
3504
3705
3488
3384
3499
3686
3561
3380
3450
3636
3645
3396
3683
3553
3573
3391
3516
3500
3428
3376
3482
3522
3171
3781
3476
3369
3503
3402
3432
3464
3726
3656
3653
3575
3574
3411
3574
3369
3521
3495
3610
3448
3529
3577
3414
3506
3533
3699
3472
3470
3439
3582
3568
3451
3710
3511
3482
3568
3398
3552
3625
3515
3672
3537
3550
3708
3686
3469
3576
3705
3623
3596
3519
3475
3483
3332
3736
3502
3716
3457
3504
3608
3377
3593
3333
3429
3647
3306
3314
3491
3414
3494
3526
3586
3572
3631
3510
3603
3458
3425
3689
3551
3551
3416
3645
3558
3399
3624
3499
3661
3321
3598
3235
3475
3440
3388
3507
3415
3503
3465
3479
3607
3531
3522
3523
3474
3608
3565
3617
3716
3607
3432
3726
3466
3611
3509
3325
3310
3494
3425
3567
3373
3433
3510
3558
3432
3499
3510
3374
3444
3562
3440
3454
3524
3313
3333
3528
3494
3446
3468
3503
3548
3431
3664
3401
3397
3555
3598
3469
3205
3705
3614
3493
3551
3187
3526
3579
3387
3511
3456
3448
3700
3348
3596
3650
3679
3242
3409
3461
3510
3524
3736
3487
3429
3397
3491
3508
3350
3440
3390
3287
3616
3369
3581
3463
3529
3417
3514
3386
3487
3334
3501
3601
3409
3680
3528
3511
3554
3623
3613
3626
3404
3557
3348
3382
3602
3533
3601
3517
3483
3699
3457
3494
3692
3548
3415
3310
3597
3621
3465
3447
3533
3515
3659
3644
3454
3648
3617
3497
3413
3477
3557
3649
3438
3507
3594
3348
3537
3545
3344
3491
3588
3675
3552
3660
3571
3459
3594
3439
3217
3638
3484
3466
3437
3459
3345
3623
3725
3503
3332
3654
3609
3559
3457
3608
3633
3715
3574
3576
3545
3495
3481
3523
3369
3472
3640
3637
3686
3643
3442
3527
3333
3379
3428
3497
3558
3388
3439
3464
3175
3579
3552
3548
3469
3686
3577
3590
3506
3407
3131
3331
3696
3519
3620
3680
3231
3423
3532
3580
3637
3597
3629
3449
3568
3595
3317
3684
3353
3725
3547
3417
3569
3646
3643
3552
3576
3682
3665
3557
3377
3374
3597
3607
3485
3300
3584
3440
3388
3557
3666
3392
3618
3542
3408
3556
3517
3595
3514
3360
3493
3433
3526
3373
3732
3561
3596
3487
3574
3448
3571
3767
3588
3235
3534
3426
3806
3463
3608
3599
3594
3534
3718
3604
3282
3479
3645
3397
3376
3412
3666
3659
3434
3510
3444
3539
3453
3493
3378
3510
3477
3543
3365
3833
3594
3442
3560
3605
3458
3613
3586
3467
3440
3329
3543
3582
3186
3663
3171
3407
3607
3614
3202
3493
3642
3560
3590
3764
3364
3561
3821
3409
3362
3557
3658
3688
3369
3543
3485
3640
3548
3559
3517
3460
3604
3414
3653
3508
3660
3457
3504
3601
3354
3702
3387
3621
3539
3523
3566
3464
3667
3634
3447
3437
3472
3586
3682
3417
3623
3435
3415
3442
3369
3579
3690
3388
3608
3544
3254
3449
3434
3576
3477
3625
3394
3541
3649
3562
3509
3700
3480
3591
3337
3494
3572
3657
3605
3611
3450
3665
3414
3580
3392
3395
3647
3610
3562
3587
3532
3561
3638
3644
3340
3518
3451
3650
3535
3509
3596
3458
3572
3704
3468
3411
3610
3518
3743
3407
3458
3714
3392
3657
3482
3345
3546
3551
3696
3572
3495
3345
3439
3615
3409
3521
3494
3447
3602
3345
3644
3639
3563
3438
3684
3521
3624
3417
3585
3454
3390
3561
3569
3559
3486
3407
3237
3561
3592
3630
3629
3430
3569
3560
3525
3546
3459
3261
3377
3438
3365
3411
3659
3614
3764
3516
3536
3349
3565
3534
3474
3488
3542
3663
3719
3471
3529
3709
3633
3517
3603
3565
3611
3656
3383
3574
3454
3662
3450
3465
3459
3393
3427
3614
3433
3457
3517
3401
3609
3449
3528
3389
3494
3593
3368
3577
3608
3469
3429
3564
3515
3616
3585
3351
3486
3530
3454
3505
3503
3719
3325
3493
3404
3598
3600
3429
3674
3463
3421
3675
3460
3529
3590
3347
3429
3550
3346
3604
3398
3636
3803
3552
3492
3413
3489
3405
3473
3538
3534
3584
3679
3744
3616
3514
3541
3536
3515
3487
3412
3518
3505
3564
3594
3609
3672
3505
3448
3444
3528
3687
3707
3674
3773
3435
3579
3584
3477
3414
3511
3503
3571
3543
3642
3521
3489
3399
3502
3624
3613
3394
3519
3275
3565
3658
3667
3773
3432
3338
3482
3322
3445
3402
3373
3670
3500
3793
3435
3633
3594
3394
3553
3638
3480
3463
3594
3681
3523
3712
3574
3402
3496
3526
3614
3499
3547
3711
3590
3582
3614
3276
3605
3353
3489
3397
3388
3687
3585
3538
3567
3669
3537
3596
3380
3411
3455
3573
3266
3642
3536
3560
3570
3598
3460
3651
3601
3860
3581
3583
3570
3446
3280
3577
3433
3465
3460
3551
3405
3591
3636
3587
3604
3438
3663
3505
3458
3592
3508
3471
3581
3244
3517
3572
3396
3253
3411
3389
3657
3602
3373
3538
3637
3621
3328
3731
3367
3467
3480
3589
3314
3417
3455
3442
3581
3546
3591
3663
3549
3506
3469
3572
3532
3589
3547
3634
3531
3757
3397
3499
3578
3722
3509
3716
3393
3583
3412
3546
3578
3640
3604
3647
3511
3611
3603
3657
3556
3639
3665
3363
3384
3383
3442
3486
3421
3545
3509
3492
3633
3590
3593
3525
3661
3507
3551
3482
3456
3313
3436
3299
3464
3626
3598
3490
3687
3429
3605
3617
3421
3552
3555
3502
3632
3654
3355
3524
3656
3511
3425
3676
3437
3604
3610
3563
3433
3510
3482
3486
3338
3501
3493
3403
3487
3697
3549
3430
3426
3393
3422
3486
3291
3599
3497
3563
3558
3449
3690
3624
3685
3434
3453
3715
3664
3648
3575
3477
3349
3599
3530
3627
3505
3673
3339
3532
3666
3665
3383
3500
3379
3209
3563
3458
3332
3594
3668
3459
3565
3410
3522
3624
3542
3614
3520
3661
3456
3439
3605
3548
3373
3578
3371
3523
3468
3422
3512
3300
3524
3425
3461
3306
3671
3611
3636
3425
3537
3545
3289
3566
3334
3562
3474
3427
3707
3471
3486
3380
3556
3507
3546
3563
3674
3515
3546
3497
3396
3547
3436
3568
3347
3634
3607
3429
3631
3574
3396
3360
3546
3694
3452
3599
3524
3522
3343
3560
3590
3507
3487
3343
3367
3523
3466
3671
3643
3621
3732
3596
3617
3450
3444
3488
3446
3451
3522
3294
3160
3600
3580
3410
3678
3451
3449
3476
3349
3509
3500
3416
3499
3464
3608
3625
3434
3486
3535
3372
3409
3417
3775
3619
3365
3686
3495
3425
3576
3607
3687
3547
3640
3700
3495
3384
3590
3500
3592
3477
3668
3683
3539
3448
3377
3473
3616
3743
3482
3603
3655
3529
3478
3646
3615
3591
3541
3305
3515
3293
3515
3559
3431
3495
3505
3396
3442
3425
3486
3699
3577
3488
3499
3347
3633
3673
3543
3484
3531
3408
3557
3449
3392
3664
3747
3432
3585
3706
3478
3504
3380
3444
3510
3513
3481
3403
3668
3496
3404
3478
3579
3431
3579
3437
3526
3484
3504
3485
3593
3402
3414
3688
3590
3474
3428
3776
3560
3441
3368
3482
3771
3470
3587
3494
3610
3636
3596
3282
3477
3587
3640
3381
3438
3586
3450
3517
3647
3498
3505
3523
3348
3653
3622
3511
3458
3430
3536
3440
3548
3419
3625
3612
3402
3474
3572
3549
3495
3545
3441
3680
3463
3567
3538
3646
3531
3580
3535
3435
3540
3622
3584
3457
3580
3584
3356
3512
3481
3246
3607
3510
3628
3510
3529
3626
3407
3527
3610
3552
3320
3693
3446
3294
3442
3498
3550
3245
3589
3339
3198
3625
3494
3537
3745
3498
3456
3673
3507
3622
3661
3367
3448
3335
3467
3606
3640
3611
3625
3496
3597
3691
3618
3410
3479
3522
3297
3209
3343
3569
3428
3509
3677
3501
3474
3335
3587
3556
3477
3653
3506
3493
3452
3393
3415
3608
3656
3532
3373
3373
3719
3643
3684
3490
3536
3542
3614
3251
3521
3392
3425
3572
3369
3554
3614
3534
3471
3469
3515
3647
3525
3532
3450
3397
3471
3508
3597
3504
3489
3582
3514
3650
3511
3520
3668
3510
3399
3459
3431
3453
3535
3529
3561
3571
3509
3641
3520
3624
3586
3519
3402
3429
3346
3562
3654
3518
3404
3442
3515
3441
3394
3553
3371
3557
3554
3336
3560
3577
3352
3594
3651
3644
3338
3245
3484
3573
3443
3546
3485
3501
3513
3456
3684
3474
3402
3338
3234
3469
3635
3215
3501
3513
3593
3714
3675
3487
3651
3508
3659
3553
3523
3517
3563
3492
3362
3436
3445
3625
3597
3550
3421
3511
3586
3419
3400
3534
3573
3557
3674
3507
3564
3580
3476
3597
3448
3503
3491
3556
3586
3447
3573
3489
3552
3219
3621
3501
3369
3591
3657
3517
3518
3386
3392
3656
3598
3528
3391
3528
3718
3492
3511
3423
3553
3672
3413
3206
3512
3532
3266
3399
3562
3445
3450
3569
3475
3549
3648
3439
3469
3484
3636
3450
3527
3678
3608
3610
3515
3500
3424
3607
3607
3449
3534
3692
3401
3425
3493
3373
3503
3498
3457
3392
3723
3604
3450
3579
3597
3646
3665
3545
3523
3640
3421
3462
3410
3480
3491
3374
3627
3647
3638
3437
3316
3539
3548
3602
3524
3564
3355
3616
3358
3499
3365
3512
3589
3381
3394
3353
3428
3552
3413
3682
3448
3403
3562
3308
3515
3467
3574
3869
3606
3745
3671
3537
3452
3474
3603
3346
3615
3612
3449
3612
3435
3672
3657
3401
3470
3584
3509
3398
3614
3676
3561
3581
3506
3727
3523
3416
3482
3532
3502
3529
3728
3634
3465
3408
3393
3594
3418
3513
3524
3375
3559
3568
3617
3387
3515
3528
3476
3520
3514
3460
3515
3573
3429
3446
3462
3321
3454
3524
3526
3430
3439
3560
3527
3805
3392
3684
3570
3393
3650
3570
3574
3455
3667
3481
3358
3795
3552
3544
3433
3445
3490
3562
3548
3539
3563
3473
3547
3673
3631
3452
3555
3537
3316
3454
3588
3617
3261
3435
3562
3479
3594
3567
3548
3385
3675
3493
3586
3555
3480
3517
3255
3617
3491
3563
3503
3706
3387
3454
3494
3574
3545
3430
3544
3566
3483
3657
3385
3300
3552
3559
3475
3587
3539
3367
3588
3575
3337
3678
3462
3515
3379
3505
3547
3495
3617
3519
3584
3520
3313
3592
3583
3388
3418
3377
3448
3388
3658
3538
3682
3269
3589
3504
3298
3524
3320
3364
3390
3595
3478
3518
3407
3436
3396
3659
3350
3415
3584
3641
3462
3585
3542
3374
3397
3319
3623
3651
3514
3448
3433
3570
3443
3441
3542
3534
3602
3474
3434
3572
3550
3485
3620
3255
3614
3569
3410
3416
3480
3354
3330
3618
3457
3460
3668
3167
3435
3455
3448
3537
3501
3562
3586
3675
3345
3536
3653
3578
3518
3424
3481
3523
3411
3398
3580
3618
3384
3638
3447
3659
3412
3493
3544
3373
3368
3594
3521
3359
3703
3353
3601
3343
3606
3337
3459
3609
3550
3756
3568
3662
3265
3468
3665
3304
3622
3621
3470
3342
3624
3607
3442
3662
3810
3511
3490
3421
3534
3493
3503
3471
3525
3575
3370
3399
3581
3737
3646
3792
3585
3505
3529
3451
3222
3605
3584
3623
3586
3545
3442
3523
3500
3646
3688
3148
3421
3558
3270
3581
3468
3676
3609
3717
3513
3379
3509
3531
3570
3542
3450
3578
3560
3434
3413
3499
3459
3519
3581
3678
3403
3535
3394
3521
3601
3639
3497
3617
3450
3565
3530
3603
3503
3702
3493
3553
3589
3434
3694
3512
3513
3503
3525
3653
3539
3642
3573
3295
3550
3558
3411
3555
3180
3472
3332
3650
3537
3394
3465
3560
3491
3630
3617
3600
3463
3760
3427
3498
3344
3403
3444
3504
3497
3484
3584
3460
3504
3531
3465
3524
3538
3523
3518
3381
3532
3384
3435
3457
3501
3614
3470
3441
3443
3420
3497
3447
3489
3454
3273
3479
3685
3500
3541
3718
3491
3440
3362
3626
3421
3459
3315
3664
3637
3599
3755
3523
3568
3553
3520
3514
3314
3539
3469
3544
3532
3638
3589
3504
3668
3572
3484
3413
3248
3408
3599
3585
3370
3425
3501
3391
3554
3573
3421
3620
3577
3502
3279
3606
3579
3564
3425
3439
3608
3628
3437
3539
3708
3516
3378
3595
3438
3317
3484
3423
3508
3442
3512
3742
3600
3403
3668
3421
3607
3571
3563
3548
3667
3663
3654
3611
3702
3672
3511
3627
3526
3347
3560
3565
3516
3381
3516
3669
3415
3481
3619
3530
3368
3422
3717
3520
3484
3543
3599
3550
3574
3656
3610
3475
3364
3620
3695
3673
3711
3517
3419
3580
3676
3562
3580
3495
3542
3714
3555
3467
3619
3413
3472
3579
3452
3497
3446
3625
3496
3450
3645
3560
3565
3728
3428
3385
3440
3448
3463
3702
3462
3591
3559
3394
3638
3519
3486
3424
3772
3477
3676
3522
3448
3600
3615
3651
3552
3671
3507
3652
3318
3546
3403
3594
3505
3608
3563
3533
3324
3572
3613
3439
3311
3656
3712
3602
3329
3584
3519
3402
3509
3484
3677
3600
3405
3775
3432
3407
3418
3631
3694
3525
3507
3400
3496
3541
3685
3519
3542
3623
3472
3695
3612
3455
3327
3678
3713
3444
3450
3447
3619
3458
3662
3598
3380
3548
3411
3565
3499
3595
3522
3262
3481
3611
3252
3605
3666
3445
3643
3526
3447
3059
3449
3618
3740
3593
3411
3690
3410
3625
3694
3542
3753
3477
3592
3579
3607
3537
3350
3383
3611
3364
3596
3617
3319
3353
3362
3578
3535
3554
3528
3575
3672
3568
3501
3469
3512
3502
3470
3534
3466
3566
3696
3421
3368
3520
3479
3697
3357
3648
3496
3468
3418
3434
3670
3628
3546
3474
3605
3674
3584
3415
3461
3668
3411
3326
3542
3428
3566
3432
3525
3603
3539
3392
3551
3420
3509
3310
3616
3494
3636
3354
3416
3376
3697
3540
3337
3447
3494
3213
3515
3476
3656
3329
3256
3539
3428
3499
3521
3449
3593
3487
3602
3720
3564
3484
3542
3546
3531
3379
3441
3429
3442
3407
3492
3606
3669
3520
3406
3561
3612
3494
3534
3405
3644
3570
3492
3413
3520
3528
3698
3575
3562
3390
3519
3637
3708
3386
3651
3406
3600
3665
3683
3506
3386
3654
3685
3416
3655
3578
3351
3455
3494
3496
3660
3402
3695
3426
3408
3536
3518
3575
3480
3563
3524
3471
3499
3393
3517
3516
3623
3608
3461
3671
3583
3632
3518
3393
3606
3676
3595
3650
3513
3396
3516
3445
3489
3522
3695
3398
3572
3653
3414
3718
3575
3454
3330
3578
3434
3642
3576
