3868
3893
3919
3872
3959
3842
3797
3959
3753
3920
3987
3895
3846
3817
3962
3809
3985
3941
4015
3885
3907
3814
3919
3838
3829
3918
3839
3988
3952
3935
3859
3888
3817
4013
3873
3843
3990
3971
4108
3974
3956
3962
3829
3910
3825
3829
3926
3842
3797
3784
4075
3909
3977
3983
3868
3894
3942
3911
3957
3900
3829
3884
3927
4032
3984
3980
3992
3876
4007
3895
3848
3816
3841
4034
3931
3811
3894
4031
3790
3951
3935
3849
3856
4033
3978
3865
4035
4015
3945
3853
4026
3741
3834
3820
3849
4170
4018
3985
3918
3881
3779
3974
4060
3849
3911
3960
3998
3920
3865
3935
3802
3981
4100
3928
3959
3943
3914
3863
3806
3963
3920
4091
3880
3983
3968
3967
3984
3913
3898
3946
3995
3899
3939
4019
3996
3983
3936
3898
3904
3804
3917
3864
3974
3877
3831
3962
3873
3778
4025
3976
3833
3972
3818
3980
3923
3941
3861
3946
3783
3930
3851
3905
3916
3825
3931
3982
4009
3932
3873
3856
3882
3950
3819
4033
3895
3794
3910
3988
4013
3875
3998
3954
3742
3909
3947
3995
3983
4026
3881
3908
3922
3757
3890
3922
3901
4032
4050
4006
3891
3880
4041
3937
3923
3901
3893
3799
3922
3831
3907
3864
3921
3882
3947
3888
3813
3855
3904
3903
3815
3939
3857
3835
4093
3799
3899
3931
4005
3997
3883
3929
3953
3958
3875
3967
3876
3918
3961
3758
3932
3863
3920
4008
3854
3925
3938
3973
3957
3827
3798
3991
3952
4001
3991
3976
3943
3837
3849
3893
3968
3949
3853
3979
3933
3893
3979
3882
3832
3848
3806
3980
3931
4016
3827
3910
3966
3834
3907
3891
3957
3880
3811
3879
3880
3837
3990
3852
4005
3807
3902
3793
3989
4003
3934
3892
3920
3949
3883
3883
3942
3848
3825
3914
3861
3974
3943
3981
3898
3809
3914
4016
3944
3782
3889
3911
3895
3815
3974
3924
3833
3851
3906
3725
3973
4029
3966
3945
4020
4014
4063
3825
4057
3822
3974
4027
3771
3941
3771
3839
4054
3894
3971
3936
3852
3753
3815
4017
3920
3951
3951
3941
3973
4017
3875
3875
3914
4017
3971
3950
3873
3987
3919
3893
3936
3907
3890
3927
4037
4035
3893
3995
3853
3836
3936
3796
3975
3887
3969
3857
3878
3936
3898
3907
3889
3892
4013
3692
3889
3939
3974
3966
3956
3920
4002
3985
4010
3808
3799
3959
3740
3888
3978
3929
3941
3852
3927
3851
3991
3872
3961
3870
3823
4031
4045
3940
3900
3821
3970
3810
3974
3985
3981
4027
3899
3951
3837
3896
3934
3919
3913
3921
3862
3914
3921
3978
3955
3854
3934
3986
3925
3954
3996
3921
3783
3978
3737
3829
3888
3824
3852
3864
3993
3971
4009
3947
3965
3919
3904
3932
4041
3874
3911
3902
3875
3957
3969
3904
3886
3836
3898
4085
3943
3925
4007
3915
3933
3852
3856
3993
3988
3875
3917
3864
3904
3955
4109
3819
3882
3866
3805
4011
3894
3939
3998
3902
3983
3981
3882
3905
3953
3887
3989
3935
3935
3865
3895
3948
3795
3949
3785
3957
3911
3821
3883
3998
3904
3989
3871
3961
3974
3819
3873
3860
4048
3905
3958
3961
4041
3989
3930
3788
3800
3904
3877
3828
3895
3916
3830
3841
3859
3903
3943
3907
3921
3993
3728
3921
3906
3859
3852
4030
4044
3798
3989
3822
3803
3865
3889
3827
3908
3892
3910
3903
3775
4043
3884
3977
3853
3932
3776
3949
3973
3947
3880
3868
3915
3850
3863
3888
3757
3970
3952
3968
3947
3983
3843
3815
3927
3856
3859
3842
4027
3901
3900
3847
3803
4036
3866
3901
3895
3887
4090
3847
3857
3963
3996
3936
3761
3982
3962
3920
3914
3841
3974
3867
3812
4011
3886
3801
3815
3851
3762
3927
3860
3845
3922
3789
3835
3884
4122
4180
3837
4040
3901
4047
3869
3938
3861
3893
3945
3971
4008
3900
3819
3914
3844
3868
3934
3748
3852
3923
3878
3979
3870
3925
4133
3923
4013
3856
3879
3888
3765
3775
3958
3923
3886
3976
3894
3927
3915
3868
3869
3902
3892
3919
3820
3959
3898
3996
3932
4005
3889
3881
3903
3874
3906
3923
3973
3881
3870
3933
3838
3829
3879
3802
3900
3939
4042
3903
3986
3918
3820
3875
3822
3823
3807
3910
3812
3964
3945
3894
3940
3991
3973
3989
3914
3866
3957
3941
3905
3823
3981
3948
3867
3879
3905
3972
3951
3788
3860
3848
4012
3982
3820
3932
3919
3832
3904
4015
3808
3851
3985
3892
3867
4045
3826
3920
3936
4064
3888
3959
3814
3925
3944
3930
3923
3891
3919
3938
3781
3873
4010
3916
3903
3880
4016
3928
3982
4049
3866
3974
3922
3871
3922
3788
3841
3830
4038
3864
3839
3994
3871
3841
3867
3861
3960
3836
3901
3822
3936
3777
3923
3969
4023
3964
3815
3913
4044
3914
4001
3839
3873
3948
3849
3897
3974
3748
3828
3841
3983
3892
3939
3907
3852
3852
3925
3918
3912
3777
4058
3907
3991
3925
3863
3821
3912
3923
4018
3930
3875
3894
4001
3935
3965
3930
3981
3914
3888
3843
3988
3924
3960
3945
3925
3860
3837
3955
3881
3851
3971
3884
3903
3888
3930
4058
4011
3952
3806
3949
3856
4005
3870
3977
3852
3888
3891
3974
3854
4086
3961
3875
3770
3973
3917
3905
3899
4062
3858
3909
3855
3857
3947
3909
3937
3936
3884
4023
3961
3991
3922
3908
3906
3894
3795
3846
3838
3930
3839
3804
3947
3806
3933
3880
3831
3871
3989
3853
3893
3955
3906
3909
3914
3905
3963
3880
3974
3864
3928
3941
3948
3862
3988
3823
3966
3834
3987
4001
4025
3867
4003
3902
3824
3894
3963
3964
3984
3919
3953
3807
4060
3894
3875
3975
3906
3976
3852
3948
3895
3933
3869
3929
3854
3923
3855
3876
3781
3832
3944
3809
4071
3794
3965
3804
4019
3975
3886
3948
4060
3920
3907
3979
3932
3915
3827
3925
3878
3924
3994
4036
3993
3953
3966
3844
3968
3958
3708
3888
3847
3808
4099
3967
3910
3978
3988
4034
3956
4045
3909
3943
3945
3921
