3819
3805
3764
3979
3712
3918
3885
3810
3889
3720
3729
3730
3911
3930
3950
3887
3830
3951
3613
3789
3973
3860
3717
3857
3860
3734
3756
3844
3896
3812
3855
3789
3792
3826
3870
3799
3857
3884
3823
3734
3919
3950
3782
3872
3715
3930
3861
3800
3728
3788
3922
3789
3868
3806
3959
3815
3869
3804
3736
3722
3826
3861
3814
3863
3848
3752
3801
3790
3884
3906
3936
3744
3964
3863
3869
3862
3853
3886
3808
3921
3801
3840
3886
3822
3844
3750
3866
3965
3827
3937
3821
3765
3849
3780
3668
3760
3795
3932
3873
3838
3800
3678
3784
3750
3702
3793
3769
3835
3842
3912
3769
3884
3842
3729
3727
3806
3725
3991
3633
3945
3736
3773
3806
3752
3737
3760
3751
3827
3912
3771
3893
3843
3839
3977
3788
3898
3823
3873
3773
3772
3776
3981
3853
3869
3715
4004
3756
3835
3901
3762
3734
3752
3856
3819
3761
3744
3809
3871
3720
3969
3805
3857
4030
3729
3775
3762
3806
3764
3757
3964
3849
3867
3810
3899
3751
3671
3926
3820
3827
3868
3751
3838
3794
3834
3781
3730
3930
3829
3990
3957
3786
3769
3921
3838
3835
3918
3843
3875
3906
3815
3855
3841
3811
3791
3844
3641
3959
3857
3852
3817
3802
3896
3906
3799
3870
3595
3754
3713
3852
3841
3904
3938
3699
3682
3823
3820
3872
3891
3821
3795
3811
3721
3797
3814
3889
3974
3840
3795
3873
3986
3718
3788
3860
3797
3821
3796
3723
3763
3750
3893
3822
3743
3751
3719
3956
3889
3752
3847
3934
3934
3814
3890
3864
3798
3877
3914
3849
3891
3892
3727
3887
3834
3902
3735
3820
3903
3737
3741
3804
3905
3730
3899
3721
3945
3816
3876
3825
3824
3841
3916
3722
3833
3824
3871
3742
3881
3822
3817
3724
3812
3883
3815
3837
3813
3747
4063
3871
3771
3876
3883
3786
3789
3787
3848
3705
3901
3707
3877
3787
3792
4010
3804
3869
3836
3827
3877
3815
3889
3841
3742
3819
3854
3857
3877
3764
3816
3896
3686
3828
3863
3901
3983
3873
3836
3934
3846
3802
3807
3781
3819
3813
3730
3817
3936
3865
3893
3939
3806
3811
3846
4020
3849
3937
3877
3929
3743
3789
3979
3906
3825
3873
3954
3858
3848
3903
3910
3988
3902
3901
3850
3740
3894
3744
3887
3665
3815
3866
3845
3786
3817
3871
3880
3852
3858
3865
3834
3929
3816
3819
3772
3810
3727
3858
3778
3892
3861
3881
3773
3728
3863
3923
3776
3885
3936
3793
3971
3839
3861
3774
3908
3767
3796
3967
3763
3802
3769
3844
3657
3841
3827
3789
3881
3848
3930
3686
3956
3981
3887
3888
3931
3878
3873
3838
3867
3952
3851
3988
3790
3798
3808
3888
3843
3849
3972
3990
3824
3986
3822
3820
3861
3912
3855
3871
3940
3888
3723
3820
3809
3790
3944
3863
3780
3865
3935
3824
3863
3946
3855
3895
3787
3781
3843
3758
3856
3877
3851
3831
3862
3860
3736
3871
3958
3933
3865
3922
3781
3832
3928
3720
3709
3828
3758
3752
3829
3814
3781
3871
3749
3779
3746
3831
3934
3941
3933
3965
3844
3939
3869
3863
4010
3894
3866
3768
3867
3742
3868
3865
3953
3694
3942
3788
3867
3804
4025
3889
3926
3784
3986
3778
3922
3843
3819
3867
3824
3830
3814
3877
3808
3815
3807
3955
3867
3865
3900
3695
3782
3807
3775
3767
3803
3900
3930
3802
3881
3928
3954
3788
3708
3897
3796
3852
3805
3740
3827
3954
3951
3828
3958
3741
3791
3932
3716
3873
3605
4015
3749
3752
3825
3891
3778
3994
3878
3776
3703
3790
3837
3941
3845
3689
3929
3799
3803
3878
3873
3774
3893
3951
3824
3809
3878
3702
3828
3807
3716
3781
3816
3825
3980
3954
3875
3972
3881
3973
3924
3882
3824
3799
3825
3920
3750
3879
3927
3853
3758
3944
3781
3837
3832
3913
3853
3840
3863
3885
3796
3878
3824
3820
3825
3809
3973
3891
3750
3951
3938
3797
3712
3797
3774
3900
3772
3858
3801
3961
4056
3892
3827
3815
3800
3865
3849
3681
3887
4010
3606
3852
3845
3776
3829
3876
3801
3700
3812
3871
3827
3940
3863
3801
3887
3861
3864
3853
3726
3825
3855
3988
3846
3748
3916
3751
3771
3872
3847
3722
3807
3729
3862
3878
3642
3809
3867
3805
3736
3877
3888
3809
3811
3798
3799
3898
3815
3834
3764
3958
3864
3839
3762
3879
3822
4021
3745
3825
3920
3924
4014
3819
4007
3978
3794
3714
3654
3918
3692
3781
3788
3799
3840
3705
3741
3839
3805
3883
3848
3773
3846
3961
3888
3771
3740
3888
3842
3855
3880
3739
3788
3798
3818
3838
3841
3842
3930
3867
3915
3909
3956
3775
3783
3783
3914
3791
3836
3726
3797
3911
3856
3947
3865
3842
3837
3863
3904
3736
3790
3913
3811
3909
3857
3884
3997
3785
3758
3789
3771
3980
3835
3981
3923
3681
3864
3777
3724
3879
3732
3793
3786
3977
3815
3793
3804
3845
3786
3788
3821
3849
3950
3842
3963
3804
3829
3916
3828
3744
3734
4001
3955
3693
3719
3928
3871
3736
3805
3793
3754
3745
3959
3997
3642
3791
3913
3763
3826
3829
3852
3944
3803
3870
3845
3857
3967
3708
3712
3811
3738
3917
3810
4004
3767
3849
3876
3930
3804
3820
3802
3722
3845
3912
3984
3970
3792
3865
3914
3769
3801
3979
3900
3957
3669
3862
3795
3909
3774
3754
3858
3758
3905
3735
3918
3815
3854
3980
3954
3940
3817
3813
3776
3868
3722
3852
3886
3839
3830
3805
3790
3844
3838
4006
3858
3791
3797
3894
3813
3765
3828
3765
3889
3843
3873
3889
3910
3919
3820
3842
3905
3904
3843
3874
3813
3888
3649
3891
3847
3734
3837
3883
3836
3867
3842
3867
3738
3814
3833
3772
3846
3820
3777
3912
3721
3904
3835
3909
3934
3792
3820
3725
3874
3742
3743
3886
3881
3864
3859
3846
3809
3732
3901
3976
3814
3886
3805
3854
3802
3834
3979
3634
3872
3841
3822
4043
3814
3847
3928
3842
3842
3708
3887
3810
3899
3822
3904
3817
3820
