9594
10036
9777
9368
9263
9397
9413
9532
9787
9359
9890
9679
9789
9682
9886
9728
9707
9523
9923
9685
9524
9622
9812
9597
9884
9497
9633
9300
9356
9682
9568
9587
9294
9627
9481
9546
9720
9505
9240
9547
9483
9583
9465
9571
9613
9666
9817
9546
9646
9685
9730
9774
9722
9453
9102
9370
9573
9709
9632
9804
9783
9471
9689
9511
9502
9755
9482
9660
9371
9499
9659
9676
9338
9483
9646
9760
9370
9424
9777
9680
9720
9618
9718
10011
9691
9548
9645
9934
9354
9825
9581
9574
9616
9613
9789
9539
9856
9755
9535
9729
9658
9952
9451
9700
9567
9567
9690
9610
9361
9523
9435
9542
9559
9423
9503
9696
9600
9470
9761
9793
9557
9410
9740
9398
9637
9444
9888
9525
9456
9298
9539
9418
9700
9563
9437
9424
9481
9712
9516
9640
9305
9798
9750
9382
9607
9478
9912
9945
9565
9749
9719
9726
9445
9338
9675
9376
9613
9513
9328
9466
9531
9872
9157
9402
9366
9571
9662
9616
9695
9479
9567
9629
9566
9441
9809
9511
9652
9612
9638
9582
9544
9709
9848
9708
9404
9419
9581
9384
9420
9489
9916
9568
9559
9671
9463
9837
9518
9286
9713
9488
9622
9749
9265
9630
9572
9752
9566
9347
9721
9748
9552
9946
9464
9684
9450
9381
9627
9555
10135
9144
9538
9813
9475
9642
9522
9557
9866
9433
9586
9451
9293
9533
9420
9491
9415
9733
9693
9610
9592
9576
9806
9651
9434
9802
9536
9361
9239
9590
9510
9580
9588
9551
9576
9531
9594
9584
9483
9946
9442
9492
9341
9625
9643
9926
9357
9525
9490
9523
9452
9512
9598
9492
9639
10170
9689
9685
9677
9648
9602
9705
9657
9868
9667
9593
9417
9911
9684
9473
9651
9447
9692
9809
9641
9677
9531
9474
9456
9220
9470
9709
9403
9794
9567
9583
9616
9771
9637
9461
9386
9671
9458
9612
9533
9700
9617
9568
9772
9825
9782
9556
9481
9751
9585
9736
9607
9580
9960
9549
9644
9401
9818
9685
9548
9716
9593
9594
9594
9853
9783
9315
9813
9701
9439
9758
9613
9475
9494
9901
9563
9233
9376
9282
9602
9852
9374
9393
9707
9776
9653
9349
9514
9489
9657
9351
9526
9680
9504
9603
9335
9898
9765
9406
9739
9726
9511
9778
9618
9598
9520
9909
9957
9541
9665
9720
9542
9636
9594
9675
9643
9447
9515
9428
9748
9477
9547
9563
9573
9597
9673
9375
9532
9870
9398
9655
9602
9431
9412
9579
9458
9581
9196
9583
9917
9489
9777
9607
9891
9618
9722
9758
9679
9565
9533
9684
9381
9446
9465
9568
10010
9374
9451
9606
9762
9680
9514
9678
9499
9600
9632
9693
9793
9421
9381
9439
9900
9413
9443
9441
9673
9934
9883
9552
9657
9699
9715
9393
9460
9521
9562
9568
9417
9926
9728
9506
9529
9574
9464
9369
9495
9577
9563
9411
9390
9806
9820
9461
9312
9714
9799
9700
9168
9539
9824
9849
9413
9789
9514
9425
9731
10242
9407
9497
9428
9669
9563
9493
9587
9688
9775
9728
9530
9610
9599
9416
9850
9818
9450
9483
9759
9533
9451
9090
9765
9590
9613
9608
9477
9462
9673
9518
9929
9465
9770
9371
9464
9409
9508
9447
9906
9360
9698
9866
9649
9529
9555
9642
9385
9819
9586
9430
9435
9596
9575
9473
9301
9555
9498
9711
9497
9510
9714
9405
9623
9346
9460
9871
9867
9608
9346
9275
9349
9514
9756
9706
9838
9731
9573
9504
9667
9771
9350
9476
9331
9378
9573
9580
9469
9814
9379
9728
10000
9517
9252
9763
9269
9491
9379
9712
9734
9576
9863
9444
9913
9497
9403
9767
9359
9580
9713
9590
9748
10020
9478
9492
9717
9777
9699
9188
9548
9401
9495
9445
9495
9679
9705
9360
9586
9506
9905
9663
9482
9545
9885
9519
9817
9504
9558
9614
9650
9624
9296
9614
9902
9785
9847
9768
9531
9410
9962
9476
9522
9803
9659
9804
9343
9548
9456
9434
9424
9595
9641
9542
9525
9698
9653
9564
9713
9385
9757
9596
9848
9956
9668
9934
9502
9528
9523
9572
9446
9639
9737
9549
9506
9549
9503
9628
9246
9445
9854
9453
9649
9656
9578
9439
9413
9544
9582
9451
9811
9584
9827
9602
9715
9694
9600
9608
9514
9568
9803
9626
9689
9497
9527
9822
9657
9543
9422
9708
9849
9694
9500
9468
9504
9406
9674
9480
9440
9654
9155
9350
9596
9359
9572
9650
9432
9842
9559
9597
9669
9571
9708
9558
9465
9414
9657
9702
9446
9705
9839
9521
9374
9846
9556
9812
9770
9667
9644
9370
9691
10109
9647
9376
9803
9528
9571
9681
9702
9674
9607
9530
9715
9522
9544
9422
9426
9782
9554
9724
9797
9788
9376
9519
9490
9791
9558
9516
9462
9313
9572
9922
9858
9592
9643
9813
9833
9551
9651
9324
9640
9575
9566
9435
9858
9574
9624
9576
9484
9656
9408
9600
9442
9567
9596
9358
9692
9615
9734
9641
9616
9445
9734
9794
10017
9560
9639
9449
9623
9357
9854
9681
9567
9486
9537
9443
9782
9642
9450
9902
9662
9360
9974
9468
9733
9706
9330
9506
9666
9299
9667
9583
9784
9559
9289
9433
9618
9528
9549
9610
9548
9574
9687
9531
9513
9608
9192
9498
9846
9944
9615
9612
9657
9538
9385
9892
9199
9991
9609
9453
9611
9910
9588
9637
9539
9850
9664
9544
9717
9657
9656
9552
9730
9672
9357
9386
9466
9924
9674
9935
9596
9624
9539
9476
9810
9609
9781
9640
9550
9616
9391
9845
9378
9515
9453
9202
9472
9499
9734
9713
9440
9661
9619
9493
9474
9581
9623
9630
9558
9676
9387
9585
9555
9482
9422
9455
9425
9442
9638
9839
9670
9511
9488
9501
9437
9833
9620
9609
9634
9631
9586
9604
9724
9592
9629
9469
9355
9675
9396
9709
9813
10012
9749
9545
9847
9523
9673
9398
9746
9777
9596
9507
9598
9713
9507
9765
9810
9375
9519
9755
9224
9867
9377
9753
9523
9572
9717
9868
9648
9518
9866
9579
9610
9709
9784
9602
9596
9941
9607
9398
9477
9624
9964
9534
9718
9479
9512
9676
9278
9550
9613
9720
