9992
10302
10092
9978
9712
9890
9774
9967
10179
9862
10299
10190
10135
10098
10182
10114
10066
9846
10265
10203
9896
9984
10106
10042
10342
9884
10078
9853
9610
10213
9846
10095
9617
9834
9862
10108
9985
9809
9576
9982
9787
9903
9833
9924
10020
10144
10076
9909
10193
10106
10115
9961
10064
9796
9600
9820
10074
9990
10087
10179
10112
9884
10190
9814
9782
10132
9991
10062
9659
9824
9949
10173
9757
9811
10075
10306
9778
9823
10128
10039
10285
9970
10192
10471
10031
9982
9946
10319
9600
10242
9940
10016
10064
10049
10133
9928
10223
10227
9970
9992
10041
10322
9927
10074
9822
10047
10077
9924
9807
9957
9742
9922
9845
9856
9893
10037
9982
10022
9975
10182
9879
9998
10107
9816
10081
9959
10460
9886
10125
9808
9814
9966
10168
10110
9738
9714
9814
10103
9714
10155
9727
10051
10169
9739
10053
9801
10303
10205
10153
10136
9959
10121
9776
9755
9900
9666
10031
9984
9767
9803
9956
10155
9672
9803
9897
10078
10171
9965
10080
9866
9901
10034
10060
9700
10119
10003
10088
9900
10060
9984
9872
10062
10156
10134
9769
9857
9960
9891
9725
9838
10299
10038
9969
9913
9840
10107
10073
9644
9993
9737
9884
10165
9877
9830
10056
10094
9879
9797
10056
10123
9877
10307
9865
10008
9790
9636
9906
10148
10479
9503
9822
10224
9881
10094
10054
9748
10326
9874
9947
9784
9877
9978
9853
9932
9826
10060
10083
10153
9971
10072
10085
9994
9803
10105
9974
9852
9674
9893
10023
9867
9883
9915
9841
9873
9950
10157
9824
10377
9811
9921
9975
10076
9986
10227
9702
9821
9805
9877
9989
9986
9938
9910
9891
10702
9986
10089
10011
10005
9869
10061
9945
10133
10040
10174
9885
10521
10108
9898
10030
9898
10070
10127
10056
10077
9877
9990
9729
9694
9845
10111
9745
10226
9933
10002
10003
10026
10083
9956
9891
10143
9925
10061
9890
10176
10075
9881
10036
10166
10107
9924
9787
10248
9856
10217
10105
10098
10386
9927
10140
9848
10094
10079
9946
10289
9878
10063
9922
10170
10032
9656
10148
10221
9783
10078
9945
9905
9734
10214
9882
9493
9717
9773
10011
10270
9810
9870
10043
10103
10030
9746
9897
9914
10066
10013
9939
9929
9956
9999
9761
10362
10056
9740
10029
10023
9930
10051
9942
9961
9897
10230
10273
9888
10123
9992
9872
9939
9895
10133
9911
9932
9922
9809
10089
9984
9898
9964
9952
9930
10040
9829
9944
10210
9841
10003
10024
9893
9951
9857
9872
9956
9553
9864
10278
9815
10026
9979
10218
9986
10191
10038
10077
10004
9977
9986
9804
9799
9788
9988
10243
9694
9924
10015
10200
10087
9829
10087
9927
9919
10114
10054
10152
9718
9767
9926
10215
9776
9863
9770
10065
10443
10244
9912
10124
10056
10208
9736
9783
9919
9986
10083
9861
10228
10146
10023
9950
9945
9856
9676
9847
9865
10002
9730
9662
10133
10163
9924
9644
10079
10222
10145
9670
10020
10203
10209
9749
10110
9895
9867
10016
10425
9738
9991
9810
9996
10067
10057
10078
10024
10146
10175
9932
10128
10119
9823
10312
10199
9802
9880
10177
9885
9841
9550
10193
9929
9914
9867
9922
9775
10352
9848
10251
9873
10191
9779
9729
9789
9869
9787
10227
9676
10056
10267
9893
10112
9911
10199
9704
10126
10115
9832
9875
9974
9804
9862
9728
9898
10078
9983
9865
9723
10107
9816
10043
9874
9905
10144
10208
9935
9848
9695
9676
9967
10178
10247
10172
10194
10125
9977
10134
10171
9912
9742
9789
9694
9984
9892
9692
10335
9735
10134
10425
9778
9629
10086
9658
9926
9686
10126
10175
9891
10261
9980
10258
9966
9681
10072
9777
9785
9941
9995
10115
10243
9810
9845
10171
10238
10165
9748
9940
9952
9948
9863
9998
10095
10038
9688
9903
9819
10171
10056
9895
9950
10333
9920
10209
10069
10046
9980
10201
9969
9673
9972
10363
10128
10220
10314
10019
9801
10263
9989
9922
10213
10062
10261
9682
9853
9755
9889
9900
9871
10085
10028
9813
9900
10312
9864
10010
9708
10083
10059
10138
10330
10038
10286
9886
9957
9907
9992
9875
10036
10099
9885
9919
9957
9854
10014
9612
9838
10258
9898
10041
10019
9964
9850
9773
10004
10104
9827
10197
10105
10109
10030
10175
9993
9944
10066
9858
9951
10157
10104
10132
9992
9846
10239
10044
10063
9847
10183
10243
10148
9942
9856
10029
9753
10038
9799
9823
9949
9621
9680
10054
9946
10029
9923
9734
10157
9935
9950
9994
9886
10065
9913
9883
9782
10095
10125
9750
10133
10206
9992
9834
10250
9840
10138
10052
10141
9959
9965
10004
10417
10163
9852
10135
9833
9950
9997
10025
9967
9984
9976
10114
9809
10061
9912
9794
10015
9824
10024
10127
10182
9836
9778
9993
10209
9938
9786
9796
9606
10163
10255
10165
9958
9971
10292
10135
9916
10088
9897
9881
9993
9928
9765
10223
10024
10087
9911
9820
9907
9784
9942
9989
9834
9885
9859
10085
10062
10101
10047
10221
9841
10207
10107
10309
9873
9967
9811
9996
9804
10286
9982
10056
9712
9942
9802
10239
10013
9737
10361
9897
9878
10299
9956
10190
10116
9705
9894
10114
9798
10110
9934
10125
9917
9638
9952
10039
10066
9784
9918
9931
9989
9990
9864
9930
9875
9450
9903
10167
10191
9880
9995
10164
10046
9813
10177
9740
10449
10044
10039
10080
10278
10009
9945
9897
10169
10071
10025
10120
10065
9918
9915
10036
9998
9809
9868
9817
10156
10030
10311
10069
10075
10059
9813
10295
9792
10222
10014
9786
10070
9603
10273
9756
9995
9860
9553
9828
9906
10082
10220
9759
9970
9980
9874
10080
9891
9998
9959
9870
10082
9832
9874
9996
9891
9692
9818
9849
9850
10161
10156
10169
9930
9921
9760
9851
10324
10021
10025
10055
10054
10003
10139
10097
10225
9917
10057
9848
10107
9759
9992
10192
10303
10085
10076
10215
10012
9996
10045
10130
10117
9925
9917
10020
10085
9956
10069
10398
9896
9732
10061
9608
10036
9795
9935
10007
10066
10104
10117
10065
9917
10220
10001
9948
10240
9897
10101
10073
10253
10057
9758
9948
10002
9955
9694
10119
10081
9951
9885
9794
9836
10115
10156
