9336
9395
9725
9720
9459
9842
9197
9482
9994
9751
9437
9414
9422
9482
9661
9446
9302
9584
9377
9559
9306
9892
9557
9406
9536
9447
9724
9289
9520
9481
9352
9458
9476
9455
9523
9490
9357
9506
9369
9275
9560
9543
9426
9437
9623
9905
9582
9167
9551
9359
9526
9669
9813
9457
9652
9665
9675
9429
9734
9582
9525
9704
9334
9387
9390
9786
9454
9634
9489
9321
9254
9402
9871
9417
9574
9496
9599
9626
9486
9222
9769
9403
9296
9558
9511
9533
9364
9491
9870
9509
9580
9639
9328
9326
9562
9312
9611
9490
9639
9456
9490
9268
9467
9601
9284
9752
9552
9496
9566
9648
9367
9672
9660
9612
9396
9667
9801
9731
9386
9662
9712
9711
9554
9340
9454
9582
9449
9780
9503
9697
9875
9443
9448
9553
9734
9699
9579
9692
9653
9707
9420
9656
9511
9587
9389
9489
9565
9639
9061
9443
9619
9460
9466
9349
9731
9573
9392
9604
9238
9485
9411
9473
9764
9599
9496
9556
9538
9477
9547
9909
9386
9412
9358
9458
9624
9527
9446
9503
9612
9562
9410
9375
9519
9462
9773
9425
9301
9716
9676
9916
9652
9405
9640
9471
9682
9623
9354
9280
9423
9347
9638
9346
9345
9518
9194
9479
9679
9248
9472
9376
9514
9396
9629
9479
9338
9587
9584
9545
9718
9421
9643
9388
9419
9821
9610
9491
9504
9701
9386
9459
9716
9861
9572
9614
9686
9479
9862
9488
9375
9663
9229
9485
9729
9749
9599
9795
9489
9638
9790
9532
9642
9590
9520
9433
9742
9511
9496
9620
9500
9652
9318
9426
9450
9755
9552
9492
9657
9734
9560
9480
9539
9511
9691
9744
9721
9257
9668
9299
9859
9325
9687
9323
9970
9509
9476
9409
9486
9631
9520
9796
9820
9416
9341
9458
9505
9605
9739
9444
9569
9540
9508
9709
9362
9504
9676
9800
9345
9846
9395
9874
9527
9571
9381
9800
9630
9330
9638
9758
9445
9419
9370
9364
9478
9696
9608
9570
9907
9747
9714
9518
9696
9400
9739
9772
9568
9388
9678
9752
9512
9496
9534
9653
9625
9474
9611
9276
9499
9456
9310
9454
9414
9490
9690
9557
9437
9427
9711
9559
9456
9537
9489
9645
9899
9679
9571
9483
9394
9446
9146
9760
9245
9531
9596
9420
9350
9511
9328
9558
9683
9546
9372
9159
9974
9890
9395
9598
9625
9803
9460
9580
9491
9321
9438
9537
9741
9734
9653
9290
9622
9716
9657
9532
9698
9687
9873
9630
9729
9605
9415
9541
9614
9704
9270
9417
9249
9556
9607
9560
9357
9549
9713
9184
9474
9714
9592
9721
9641
9507
9306
9563
9534
9541
9651
9764
9525
9462
9650
9295
9504
9370
9344
9352
9447
9801
9304
9503
9715
8983
9481
9291
9504
9414
8979
9563
9487
9902
9266
9329
9500
9243
9691
9743
9677
9524
9461
9619
9209
9230
9440
9456
9743
9630
9539
9458
9415
9429
9453
9571
9466
9505
9355
9703
9569
9733
9223
9591
9333
9302
9597
9371
9462
9506
9885
9384
9510
9502
9453
9227
9309
9595
9529
9679
9644
9433
9434
9554
9657
9689
9591
9571
9556
9499
9497
9504
9620
9743
9495
9655
9774
9776
9313
9426
9510
9493
9486
9327
9382
9200
9428
9434
9556
9376
9645
9774
9554
9514
9656
9618
9636
9607
9777
9329
9441
9321
9428
9741
9878
9546
9676
9601
9400
9481
9263
9503
9616
9580
9865
9646
9481
9600
9493
9518
9234
9560
9494
9616
9463
9407
9068
9643
9436
9514
9584
9507
9724
9430
9563
9731
9686
9660
9759
9429
9451
9601
9526
9538
9319
9830
9873
9478
9587
9459
9729
9740
9520
9688
9528
9782
9490
9365
9295
9618
9744
9644
9583
9473
9625
9203
9340
9502
9758
9321
9929
9607
9639
9350
9741
9544
9288
9362
9758
9444
9292
9817
9602
9624
9674
9874
9902
9456
9428
9768
9426
9660
9401
9934
9669
9408
9601
9472
9532
9729
9531
9426
9601
9543
9590
9503
9889
9506
9646
9784
9615
9669
9617
9508
9481
9283
9274
9635
9862
9351
9482
9472
9628
9640
9770
9693
9874
9763
9800
9731
9239
9496
9371
9810
9338
9650
9423
9627
9288
9388
9465
9884
9559
9929
9541
9594
9856
9432
9472
9314
9433
9512
9387
9365
9532
9311
9430
9686
9679
9645
9497
9187
9584
9370
9469
9385
9395
9833
9834
9353
9584
9657
9492
9184
9670
9479
9541
9605
9464
9425
9419
9675
9544
9266
9462
9462
9451
9456
9741
9558
9569
9596
9600
9430
9665
9403
9542
9464
9390
9408
9919
9405
9667
9687
9312
9318
9557
9580
9684
9322
9656
9202
9716
9347
9342
9531
9696
9557
9575
9483
9433
9610
9705
9511
9414
9608
9333
9714
9955
9460
9501
9471
9785
9636
9396
9441
9497
9568
9403
9354
9349
9874
9670
9603
9618
9537
9619
9480
9509
9522
9595
9530
9864
9636
9377
9357
9586
9703
9478
9607
9171
9658
9540
9699
9229
9550
9477
9413
9493
9224
9477
9291
9684
9783
9275
9549
9773
9619
9409
9542
9331
9580
9757
9436
9475
9506
9358
9381
9273
9401
9331
9413
9782
9579
9634
9497
9482
9851
9476
9776
9648
9933
9531
9593
9417
9661
9777
9629
9955
9415
9584
9540
9820
9722
9404
9474
9496
9683
9286
9504
9552
9386
9426
9427
9626
9515
9244
9555
9644
9410
9705
9312
9799
9608
9346
9723
9474
9434
9661
9587
9769
9460
9709
9727
9498
9562
9561
9363
9300
9594
9256
9607
9567
9659
9661
9461
9569
9530
9439
9208
9780
9720
9478
9664
9241
9550
9570
9523
9589
9563
9449
9561
9449
9767
9418
9569
9795
9508
9389
9708
9647
9842
9568
9615
9489
9416
9658
9625
9384
9623
9545
9511
9554
9305
9488
9405
9517
9714
9603
9625
9348
9372
9976
9170
9611
9642
9541
9777
9625
9591
9426
9723
9464
9241
9449
9602
9518
9354
9548
9744
9721
9487
9329
9952
9830
9306
9427
9585
9102
9691
9434
9547
9661
9772
9525
9427
9699
9543
9480
9367
9577
9639
9437
9499
9541
9438
9705
9592
9727
9348
9428
9486
9682
9330
9641
9868
9523
9385
