8339
8394
8017
7946
7954
8446
8390
8057
8220
8179
8487
8412
8261
8122
8235
8336
8510
8144
8223
8315
8345
8073
8201
8189
8272
8063
8308
8401
8344
8307
8449
8413
7912
8850
8750
8391
8273
8193
8650
8134
8063
7952
8239
8324
8215
8060
8485
8690
8117
8173
8219
8200
8686
8273
8125
8108
8577
8534
8140
8140
8282
8200
8109
8114
8100
8204
8233
8432
8391
8187
7838
8434
8209
8347
8171
8370
8164
8107
8460
8702
8443
8419
8257
8064
8408
8265
8368
8251
8359
8147
8168
8376
8519
8473
8175
8285
8412
8014
8251
8241
8262
8472
8425
8354
8245
8141
8289
8222
8099
8193
8280
8180
8591
8261
8077
8208
8682
8183
8122
8247
8196
8311
8554
8293
7996
8128
8001
8868
8477
8360
8152
7826
8279
8204
8343
8261
8283
8337
8359
8254
8144
8169
8324
8323
7991
7968
8326
8141
8161
8288
8332
8264
8169
8817
8207
8291
8253
8115
8121
8228
8336
8302
8194
8555
8346
8414
8460
8452
8504
8452
8533
8419
8460
8369
8104
8197
8227
8124
8296
8252
8270
7945
8393
8256
8315
8565
8318
8383
8189
8348
8413
8161
8101
8199
8515
8646
8161
8401
8710
8011
8304
8584
8596
8282
8373
8290
8379
8448
8260
8299
8224
8592
8269
8311
8430
8031
8210
7995
8541
8122
8454
8210
8179
8166
8101
8520
8426
8614
8389
8258
8294
8320
8136
8328
8090
8337
8352
8104
8343
8413
8385
8203
8160
8114
8684
8217
8123
8192
8404
8130
8283
8636
8366
8236
8553
8202
8601
8296
7555
8510
8307
8238
8316
8154
8489
8098
8469
8623
8489
8104
8348
8386
8070
8335
8119
8265
8184
7960
8409
8156
8216
8130
8365
8090
8272
8335
8165
8408
8424
8349
8197
8235
8318
8490
8134
8187
8292
8224
8518
8348
8007
8215
8034
8459
8259
8000
8617
8363
8086
8114
8123
7970
8059
8231
8380
8252
8247
8156
8004
8330
8515
8508
8466
8314
8380
8259
8334
8391
8115
8151
8438
8180
8591
8508
8358
8373
8273
8144
8290
8408
8310
7969
8578
8366
8447
8437
8087
8510
8396
8516
8187
7942
8456
8161
8267
8103
7973
8075
8220
8227
8651
8128
8301
8475
8303
8279
8415
8352
8139
8299
8211
8149
8373
8077
8153
8472
8033
8321
8554
8355
8487
8167
8243
8154
8216
8115
8313
8529
8111
8472
8405
8202
8332
8423
8279
8520
8072
8394
8289
8308
8213
8101
8303
7996
8450
8000
8477
8240
8286
7934
8130
8248
8066
8191
8499
8263
8311
8005
8158
8206
8022
8389
8311
8273
8324
8499
8304
8076
8087
8318
8012
8169
8053
8286
7842
8332
8250
8463
8272
8629
8427
8171
8069
8276
8079
8233
8246
8288
8048
8441
8244
8322
8380
8487
8548
8209
8406
8496
8068
8066
8144
8258
8330
8313
8512
8340
7983
8193
8185
8641
8277
8322
8193
8489
8188
8390
8314
8466
8417
8571
8358
8493
8041
8062
8154
8287
7954
8125
8501
8337
8062
8306
8253
8096
8199
8236
8434
8335
8191
8240
8207
8278
8197
8537
8224
8553
8347
8218
8313
8349
8135
7984
8341
8351
8463
8096
8573
8209
7941
7842
8538
8169
8244
8335
8379
8068
8340
7756
8348
7974
8363
8262
7982
8280
8237
8228
8303
8429
8081
8299
8424
8377
8267
8364
8132
8109
8475
8210
8362
8310
8288
8100
8447
8120
8215
8204
8318
8205
8484
8274
8100
8443
8073
8109
8361
8279
8302
8585
7995
8227
8039
8189
8754
8525
8410
8205
8315
8248
8571
8165
7977
8618
8344
7945
8102
8238
8378
8301
8197
8272
8329
8192
8179
8409
8248
8338
8072
8041
8271
8629
8116
7913
8010
8044
8239
8151
8502
8354
8351
8044
8074
8074
8286
8229
8177
8192
8311
8404
8460
8341
8404
8307
7995
8637
8232
8379
8185
8421
8430
8635
8305
8443
8074
8132
8234
8110
8513
8368
8289
8573
7987
8179
8187
8366
8416
8086
8521
8154
8102
8303
8103
8088
7869
8278
8140
8099
8450
8214
8150
8399
8263
8187
8340
8278
8017
8130
8380
8232
8325
8488
8357
8267
8159
8359
8340
8260
8010
8495
8298
8339
8216
8293
8411
8454
8280
8367
8218
7968
8357
8071
8210
8384
8202
8483
8394
8039
8257
8338
8253
8315
8121
8171
8365
8383
7994
8254
8418
8563
8291
8294
8495
8383
8237
8289
8309
8458
8331
8193
8581
8469
8427
8223
8117
8341
8284
8445
8316
7809
8318
8303
8216
8032
8457
8196
8127
8084
8341
8087
8383
8246
8329
8090
8001
8271
8456
8116
8246
8265
8314
8134
8066
8416
8274
8140
8472
8645
8295
8450
8213
8135
8452
8250
8186
8350
8156
8194
8336
8351
8474
8217
8210
8148
8212
8420
8068
8176
8228
8099
8122
8178
8268
8178
8229
8303
8128
8348
8210
8143
8061
8259
8445
7795
8378
8295
8381
8321
8511
7958
8124
7962
8437
8538
8055
8411
8342
8466
8334
8308
8637
8422
8029
8372
8382
8215
8477
8556
8403
8225
8111
8049
8056
8235
7824
8281
8278
8241
8084
8696
8453
8235
8303
8494
8255
8224
8176
8780
8229
8222
7948
8448
8339
8420
8487
8001
8136
8321
8163
8166
8360
8479
8436
8258
8075
8331
8402
8286
8306
8586
8496
8166
8224
8315
8259
8483
8278
8286
8373
8177
8483
8253
8313
8091
8293
8449
8109
8390
8443
8795
8204
7910
8248
8217
8211
8306
8281
8232
8388
8170
8548
8206
8389
8139
8211
8028
8368
8027
8458
8098
8151
8097
8795
8081
8274
8018
8041
8329
8456
8260
8229
8063
8394
8508
8377
8181
8208
8642
8327
8177
7994
8310
7871
8423
8423
8209
8061
8195
7990
8423
8453
8397
8135
8291
8199
8132
8201
8276
8101
8057
8092
8316
8259
8497
8268
8178
8189
8210
8249
8243
8014
8536
8511
7942
8482
7807
8187
8524
8276
8421
8216
8356
8244
8287
8496
8221
8294
8457
8305
8278
8132
7976
8115
8202
8463
8150
8322
8378
8226
8658
8292
8204
8126
8133
8159
8396
8129
8428
7920
8581
8217
8094
8352
8344
8213
8416
8123
8440
8253
8209
8097
8077
8152
8223
8181
8711
8001
7912
8221
8176
8400
8423
8420
7978
8483
8006
8754
8245
8245
8173
8307
8026
8440
8282
8105
8350
8354
8692
8227
8315
8515
8421
8197
8272
8306
8215
8273
8428
8253
8101
8490
8331
8418
8472
7999
8285
8116
8579
8269
8042
8142
7954
8196
8391
7978
8036
8202
8055
8072
8047
8006
8207
8576
8072
8154
7979
7956
8146
8340
8046
8367
8241
8098
8578
8358
7944
8198
8407
8142
8029
7998
8201
7892
8339
8468
8233
8538
8190
8176
8225
8317
8435
8092
8387
8150
8300
7899
8150
8098
8363
8360
8435
8229
8199
8496
8486
8472
8382
8034
8275
8186
8468
8571
8339
8542
8337
8408
8061
8444
8150
8252
8199
8245
8183
8215
8227
8406
8214
8148
8458
8467
8476
8370
8177
8107
8289
8353
8129
8304
8525
8313
8073
8107
8711
8175
8556
8242
8441
8266
8476
7968
8109
8383
8163
8074
8422
8173
7858
7954
8517
7957
8773
8155
8249
8353
8035
8070
8072
8323
8074
8415
8206
8681
8392
8482
8274
8376
8378
8397
8425
8395
8403
8095
8132
8138
7936
8318
8436
8656
7994
8125
8102
8340
8332
8183
8296
8300
8323
8480
8498
8503
8375
7834
8346
8255
8275
7965
8203
8321
8340
8500
8187
8085
7945
8537
8645
8216
8215
8363
8313
8313
8391
8637
8359
7928
7548
8272
8356
8486
8343
8489
8667
8203
8566
8656
8106
8240
8485
8221
8300
7950
8240
8554
8149
8128
8336
8603
8412
8228
8063
8263
8253
8061
8255
8170
8475
8441
8049
8021
8539
8471
8277
8170
8693
8427
8036
8395
8370
8376
7925
8348
8153
8041
8242
8094
8111
8438
8416
8369
8384
8018
8097
8191
8203
8422
8100
8095
8189
8008
8270
8181
8457
8331
8073
8269
8267
7908
8353
7870
8244
8304
8622
8394
8454
8296
8321
7914
8154
7931
8312
8093
8480
8218
8645
8370
8389
8253
8223
8205
7956
8105
8403
8247
8345
8270
8461
8366
8054
8056
8411
8094
8289
8283
8271
8337
8189
8208
8039
7842
8333
8082
8258
8263
8299
8333
8218
8595
8137
8288
8156
8304
8258
8416
8149
8318
8047
8123
8540
8581
8562
8094
8280
8361
8139
8022
8026
8048
8031
8256
8278
8250
8274
7901
8355
8454
8047
8204
8385
8026
8483
8391
8047
8742
8331
8395
8375
8046
8245
8695
8592
8213
8445
8091
8418
8561
8460
8035
8303
8160
8594
8329
8355
8057
8508
8454
8161
8387
8349
8276
8428
8034
8303
8104
8185
8099
7965
8195
8285
8340
8188
8586
8252
8189
8421
7855
8176
8377
8228
8145
8057
8208
8469
8177
8317
8440
8283
8470
8369
8201
8128
8353
8222
8408
8312
8059
8588
8522
7977
8070
8129
8494
8305
8119
8260
8357
8079
8176
7882
8368
8226
8532
8253
8261
8144
8522
8363
8118
7989
8368
7931
8315
8554
8232
8259
8293
8318
8086
8233
8141
8206
8292
8247
8301
8234
8338
8177
8382
8495
8125
8358
8148
8451
8276
8228
8146
8049
8449
8509
8121
8282
8071
8313
8525
8262
8301
8035
8165
8513
8385
8241
8771
8019
8114
8431
8142
8150
8397
8306
8469
8012
8028
8301
8541
8397
8488
8088
8355
8293
8438
8152
8515
8376
8246
8339
8277
8190
8318
8498
8265
8301
8447
8458
8296
8330
8143
8084
8342
8388
8261
8071
8189
8136
8112
7946
8136
8100
8188
8323
8105
8224
8516
7911
8455
8344
8075
8511
8189
8227
8060
8400
8347
8127
8674
8143
7979
8278
8341
8221
8029
8035
8083
8485
8444
8393
8217
8489
8430
8180
8074
8286
8149
8008
8489
8465
8237
8280
8126
8129
8404
8272
8398
8370
7989
8374
8156
8439
8402
8129
8115
8177
8294
8257
8454
8293
8217
8322
8102
8330
8425
7802
8442
8434
8199
8097
8085
8334
8398
8041
8275
8083
8478
8536
8096
8308
8166
8277
8298
8391
8221
8188
8409
8521
8182
7933
8438
8181
8361
8369
8501
8321
8346
8564
8347
8460
7975
8386
8343
8269
8280
7910
8560
8134
7806
8482
8222
8312
8109
8072
8400
8443
8018
8382
7979
8271
8304
8093
8271
8310
8326
7967
8453
8047
8340
7958
8376
8191
8285
8167
8318
8122
8500
8299
8139
8165
8114
8246
8310
8450
8329
8222
8164
8264
8186
8465
8522
8046
8166
8262
8239
8258
8274
8108
8571
8228
8310
8213
8566
8399
7982
8048
8146
8310
8123
8007
7989
8290
8163
8075
8248
8523
8266
8436
8320
8233
8394
7986
8418
8399
8258
8423
8508
8110
8421
8180
8388
8411
8023
8038
8192
8328
8177
8498
8192
8291
8005
8002
8468
8442
8468
8250
8038
8157
7964
8327
8478
8270
8216
7937
8161
8428
8426
8096
8045
8242
8211
8383
8365
8398
8133
8132
8362
8441
8161
8191
8172
8279
8319
8338
8155
8623
8291
8317
8551
8502
8211
8128
8240
8415
8052
8276
8365
7885
8151
8425
8388
8427
8192
8272
8622
8207
8279
8060
8042
8515
8262
8462
8167
8183
8276
7836
8265
7935
8653
8452
8107
8484
8304
8237
8244
8085
8211
7981
8310
8160
8426
8103
8196
8529
8499
8394
8362
8370
8199
8169
8026
8297
8221
8315
8285
8281
7990
8316
8363
8704
8082
8167
8706
8491
8154
8300
8230
8456
8242
8009
8490
8191
8349
8439
8327
8397
8522
8310
8446
8224
8483
8045
8247
8444
8255
8164
8153
8261
8462
8142
8493
7900
8050
8040
8334
8540
8060
8317
8341
8304
8574
8244
8138
8099
8113
8389
8187
8407
8104
8495
8390
8179
8181
8200
8352
8283
8493
8339
7871
8229
8548
8324
8517
8279
8222
8442
8297
8085
8075
8103
8063
8509
8350
8045
8328
8166
8306
8171
8368
8259
8370
8047
8168
8103
8284
8211
8254
8544
8151
8148
8268
8385
7932
8401
8193
8385
8217
8470
8196
8234
8017
8134
8212
7995
8376
8723
8317
8423
8324
8377
8238
8334
8550
8329
8402
8392
7931
8186
8053
8073
8056
8435
8496
7916
8490
8071
8148
8509
8196
8390
8268
8393
8460
8362
8325
7964
8378
8542
8529
8328
8629
8164
8221
8226
8266
8444
8316
8009
8352
8259
8446
7833
8010
8142
8614
8512
8447
8572
8217
8264
7997
8347
8247
8200
8166
8582
8352
8270
7766
8468
8470
8667
8107
8281
8315
8502
8128
8261
8218
8438
8184
8455
8486
8315
8237
8205
8303
8533
7872
8061
8605
8458
8439
8409
8404
8500
8180
8258
8260
8262
8036
8504
8470
8416
8457
8393
8315
8345
8303
8298
8009
8487
8119
8303
8308
8354
8231
8509
8164
8379
8172
8109
8255
8159
8480
8158
8588
7996
8258
8311
8406
8513
8451
8224
8072
8093
8508
8799
8269
8345
8601
7906
7941
8219
8349
8135
8200
8214
8232
8321
8438
7899
8391
8308
8254
8176
8478
8165
8400
8282
8587
8299
8062
8153
8118
8478
8169
8371
7911
8269
8340
7834
8141
8386
8211
8355
8230
8220
8271
8154
8296
8614
8147
8551
8156
8331
8404
8063
8488
7939
8409
8453
8479
7988
8208
8244
8153
8291
8229
8078
8180
8316
8385
8292
8298
8312
8435
8069
8198
8267
8156
8227
8272
8197
8259
8323
8390
8161
7979
8422
8510
8381
8179
8371
8308
8471
8170
8215
8486
8272
8493
8439
8166
8232
8478
7959
8110
8223
8073
8318
8353
8158
8265
8287
8073
7942
8284
7818
8082
7994
8013
8217
8392
8103
8378
8341
7933
8330
8533
8284
8339
8064
8162
8172
7956
8158
8409
8314
8374
8310
8232
8211
8046
8195
8363
8297
8166
8361
8121
7985
8169
8023
8187
8056
8212
8202
8220
8188
8311
8570
8089
8390
8620
8351
8147
8332
8564
8318
8189
8347
8077
8453
8434
8047
8504
7955
8387
8152
8072
8065
8424
7985
8527
8138
8248
8494
8226
7840
8420
7977
8481
8483
8249
8035
8465
8351
8388
8500
8557
8340
8530
8290
8400
8431
8374
8345
8195
8557
8126
8132
8370
8276
8129
8400
8404
8252
8517
8141
8223
8411
8533
8393
8395
8451
8275
8304
8264
8362
8164
8364
8433
7993
8095
8422
8214
8108
8226
8445
8085
8222
8129
8062
8244
8482
8258
8053
8503
8414
8535
8418
8174
8200
8251
7844
8241
8106
8185
8547
8504
8321
8416
8365
8257
8397
8498
8190
8270
8016
8359
8263
8171
8154
8278
8120
8198
8202
8264
8272
8368
8168
8439
7842
8420
8109
8260
8483
8273
8134
8135
8457
8433
8452
8429
8115
8297
8386
8317
8091
8386
8295
8282
8418
8258
8329
8025
8083
8124
8399
8280
8388
8358
8315
8403
8574
8479
8343
8194
8267
8239
8295
8116
8370
7915
8309
8259
8222
8099
7947
8327
8390
8032
8065
8306
8368
8207
8387
8314
8410
8233
8394
8235
8279
8470
8248
8108
8022
8187
8035
8464
8363
8010
8094
8070
8378
8516
8019
8441
8505
8370
8184
8325
8314
8720
8330
8275
8306
8268
8047
8324
8226
8246
8243
7884
8118
8413
8181
8530
8435
8605
8181
8301
8271
8165
8320
8002
8102
8259
7868
8452
8438
8146
8123
8247
8595
7857
8253
8209
8265
8083
8402
8356
8273
8166
8186
8096
8027
8531
8519
8429
8536
8402
8465
8298
8451
8252
8299
8042
8349
8275
8454
8372
8451
8072
8251
8197
8131
8274
8034
8177
8360
8667
8073
8230
8213
8147
8281
8221
8482
8290
8357
8172
8401
7935
7971
8114
8442
8370
8327
8484
8425
8355
8206
8191
8167
8204
8072
8363
8171
8120
8559
8527
8222
8238
8422
8635
8213
8192
8562
8505
8424
8285
8167
8371
8548
8572
7937
8150
8468
8149
8241
8147
8171
8271
8478
8366
8326
8335
8079
8195
8099
8180
8376
8099
8606
8218
8185
8217
8412
8653
8536
8644
8110
8251
8323
8322
7939
8429
8173
8361
8402
7894
8447
8494
8210
8247
8477
8373
7880
8014
8621
8277
8280
8463
8405
8462
8228
8114
8152
8246
8031
8089
8361
8335
8045
8475
8160
8352
8331
8200
8137
8218
8506
8080
8114
8545
8185
8487
8372
8518
8247
8204
7896
8146
8266
8288
8226
8093
8065
8018
8331
8317
8244
8122
8279
8334
8178
8127
8199
8413
7908
8312
8170
8269
8205
8105
8200
8176
8220
8272
8320
8122
8380
8379
8193
8483
8011
8332
7944
8266
8109
8087
8385
8085
8211
8529
8098
8199
7809
8495
8413
8414
8472
8258
8426
8175
8124
8218
8486
8339
8216
8051
8417
8183
8257
8436
8190
8095
8132
8138
8321
8208
8222
8278
8176
8230
8181
8274
8566
8397
8295
8376
8341
8243
8604
8389
8489
8231
8171
8269
8457
8445
8423
8183
8327
7881
8115
8269
8371
7955
8206
8412
7958
8504
8482
8183
8424
8529
8102
8366
8441
8060
8036
7928
8374
8126
8231
8489
7960
8199
8490
8565
8300
8205
8251
8159
8037
8355
8067
8267
8224
8018
8243
8396
8474
8114
8325
8261
8043
8298
8126
8268
8218
8165
8228
8414
8298
8360
8101
8369
8089
8519
8220
8310
7841
8209
8351
7994
8220
8083
8421
8496
8431
8267
8498
8055
8249
8195
8204
8196
7975
8088
8393
8278
8185
8208
8457
8117
8300
8264
8125
8263
8394
7922
8575
8239
8250
8145
8477
8159
8322
8371
8510
8107
8363
8228
7984
8416
8443
8055
8233
8354
8140
8662
7869
8500
8366
8173
7951
8650
8339
8375
7860
8305
8006
8093
8273
8322
8134
8550
8239
7989
8138
8079
8289
8106
8360
8333
8206
8095
8242
7948
8085
8358
8446
8038
8392
7962
8352
8295
8316
8018
8521
8201
8337
8429
8217
8099
8080
8236
8066
7982
8335
8193
8380
8282
8283
8383
7870
8160
8388
8535
8196
8223
8002
8129
8372
8360
8273
8204
8164
7762
7929
8446
8259
8299
8384
8307
8345
8101
8404
8670
8042
8477
8276
8319
8144
8475
8236
8395
8191
8224
7923
8299
8193
8111
8304
8233
7961
8203
8033
8128
7990
7839
8223
8317
8494
7686
8274
8434
8200
8068
8711
8276
8341
8197
8215
8284
8102
8220
8375
8090
8515
8262
8337
8052
8295
8219
8179
8369
8468
8333
8052
8033
8408
8385
8002
8605
8225
8210
8137
8573
8352
8512
8367
8232
8247
8267
8148
8217
8368
8520
8445
8276
8135
8284
8238
8339
8602
8263
8497
8270
7935
8418
8354
8022
8186
8246
8325
8063
8233
8097
8286
8248
8369
8364
8445
8080
8255
8281
8168
8120
8430
8151
8588
8504
8478
8270
8261
8229
8454
8285
8269
8251
8065
8069
8046
8259
8035
8175
8229
8269
8311
8383
8122
8034
8531
8154
8166
8468
8295
8044
8375
8189
8480
8333
8462
8141
8412
8220
8108
8408
8250
8104
8507
8156
7718
8269
8379
8571
8330
7905
8208
8114
8485
8565
8238
8589
8399
8182
8216
8202
8146
8132
8266
8362
8246
8234
8146
8126
8195
8449
8023
8220
8034
8226
8052
8050
8023
8373
8128
8255
8177
8322
8133
8311
8770
8132
8297
8345
8047
7968
8303
8227
8111
8325
8044
8513
7876
8588
8208
8324
8205
8359
8219
8030
8195
8069
8402
8329
8095
7847
8013
8330
8369
8094
8471
8252
8104
8210
8294
8255
8682
8220
7991
8390
8334
8363
8205
8183
8337
8596
8186
8072
8277
8556
8430
8258
8297
7972
8107
7974
8646
8369
8063
8448
7895
8185
8224
8183
8180
8225
8409
7849
8109
8326
8179
8206
8424
8338
8416
7994
7992
8078
8207
8163
8206
8129
8085
8141
8403
8484
8451
8297
7882
8446
8261
8278
8442
7885
8304
7941
8618
8114
8166
8306
8494
8196
8189
8396
8192
8159
8167
8141
8371
8320
8279
8362
8423
7986
8367
8043
8250
8392
8450
7987
8333
8623
8234
8117
8256
8247
8110
8468
8253
8528
8126
8325
8132
8368
8381
7710
8238
8333
8525
8271
8073
8466
8273
8199
8583
8189
8215
8429
8406
8226
8257
8764
7976
7989
8122
8015
8059
8356
8174
8362
8302
8311
8257
8424
8206
8247
8022
8039
8151
8218
8154
8015
7903
8403
8344
8223
8239
8094
8040
8133
8114
7969
8605
8288
8099
8565
8384
8332
8292
8357
8098
8093
8031
8369
8090
8234
8331
8167
8129
7938
8250
8528
8162
8444
8066
8062
8371
8320
8124
8061
8315
8364
8364
8621
8225
8206
8389
8386
8115
7956
8259
8353
8132
8166
8564
8448
8301
8067
8157
8342
8214
8185
8135
7995
8440
8209
8067
8329
8284
8481
7954
8195
8335
7990
8012
8548
7887
8142
8228
8220
8198
8394
7983
8147
8085
8304
8282
7967
7966
8271
8523
8130
8206
8381
8286
8199
8214
8339
8364
8111
8232
8473
8220
8470
8236
8312
7999
8359
8481
8078
8360
8351
8432
8425
8292
8333
8404
8167
8272
8501
8148
8140
8437
8116
8190
7988
8064
8081
8335
8296
8002
8274
8247
8397
8338
8211
8236
8137
8677
8457
8611
8094
8377
8303
8152
8532
8067
8117
8297
8446
8346
7988
8203
8314
8189
8270
8346
7858
8372
8284
8292
7947
8164
8284
8088
8415
8328
8320
8387
8337
8342
7995
8115
8226
8070
8128
8229
8307
8303
8283
8281
8160
8508
8067
8411
8450
8208
8185
8064
8005
8197
8615
8364
8337
8415
8377
8064
8475
7939
7961
8325
8237
8310
8555
8229
8140
8289
8460
8249
8333
8120
8278
8411
8497
8036
8172
8269
8326
8426
8124
8172
8402
8308
8445
8156
8170
8108
8164
8261
8327
8108
8293
8054
8126
8296
8475
8277
8736
8445
8224
8399
8118
8172
8233
8133
8136
8304
8010
8306
8193
8313
8025
8082
8574
8483
7793
8042
8393
8422
8307
8108
8102
8245
7988
8257
8256
8300
8091
8247
8206
8168
8320
8201
8187
8264
8483
8477
8548
8086
8089
8365
8262
8169
8115
8157
8187
8015
8605
8597
8408
8373
8420
8093
8662
8399
8144
8235
8280
8315
8149
8336
8158
8441
8277
8471
8115
7995
7963
8520
8081
7942
8404
8074
8293
8185
8150
8186
8504
8453
8135
8174
8566
8197
8054
8244
8144
7943
8259
8190
8199
8322
8301
8103
8317
8071
8249
8054
8327
8168
7993
8504
8256
8519
8370
8450
8404
8286
8580
8194
8437
8154
8263
8276
8254
8110
8287
8217
8082
8309
8340
8426
8141
8413
8283
8086
8646
7962
8408
7924
8194
8379
8112
8604
8376
8350
8207
8325
8286
8420
8282
8269
7958
8178
8110
8390
8377
8420
8086
8519
8021
8338
8092
8401
8140
8412
8146
8150
8218
8171
8305
8198
8495
8307
7907
8402
8454
8132
8568
8150
8276
8262
8592
8443
8394
8240
8428
8347
8450
8257
8088
8389
8256
8164
8335
8371
7988
8345
8468
8038
8289
7897
8204
8335
8430
8513
8425
8206
8241
8308
8589
8027
8474
8513
8312
8011
8501
8236
8127
8298
8562
7997
8193
8432
8832
7922
8229
8265
8242
8258
8019
8350
8282
8147
8242
8130
8252
7936
7687
8363
8164
8229
8165
8249
8344
7986
8142
8298
8160
8042
8377
8324
8267
8116
8331
8318
8359
7930
8244
8218
8167
8337
8514
8660
8245
8379
8362
8249
7984
8347
8462
8594
8099
8265
8077
8141
7604
8062
8259
8398
8323
8088
8261
8246
8301
8241
8140
8360
8374
8547
8256
8166
8298
8099
7971
7939
8504
8086
8253
8067
8250
8242
8376
8178
8465
8324
8009
8428
8171
8460
8204
8303
8585
8355
8335
8237
8174
8280
8044
8160
8376
8355
8224
8300
8199
8636
8242
7948
7955
8217
8510
8439
8216
8130
8244
8494
8032
8051
8129
8166
8391
8230
8261
8361
8195
8305
8206
8488
8037
8163
8531
8335
8425
8410
8024
7933
8119
8369
8285
8381
8395
8132
8460
8007
8395
8264
8078
8271
8195
8429
8086
8268
8102
8670
8092
8394
8087
8534
8149
8250
8234
8252
8420
8282
8137
8515
8126
8321
8370
8052
8371
8347
8439
8120
8291
8185
8514
8370
8408
8129
8468
8648
8557
8196
8084
8417
7970
8241
8072
8463
8030
8293
8370
8462
8167
8150
8350
8271
7989
8268
8205
8084
8192
8450
8215
7848
8453
8242
8284
8233
8346
8242
8429
8247
8319
8251
8184
8407
7990
8284
8206
8085
8253
8330
8328
8323
8064
8119
8186
8393
8100
8306
8577
8119
8436
8487
8465
8033
8066
8278
8186
8138
8464
8156
8350
8348
8435
8333
8476
8119
8372
8252
8000
8450
8295
8352
8258
8104
8400
8259
8025
8404
8222
8307
8167
8233
8365
7963
8363
8183
8112
8516
8337
8340
8105
8593
8301
8038
8417
8371
8235
8387
8396
8482
8624
7970
8666
8435
8475
8235
8496
7943
7975
8429
8567
8335
8096
8421
8182
8307
8127
8365
8160
8301
8321
8260
8228
8260
8246
8431
8413
7793
8300
8045
8182
8264
8351
8239
8215
8309
8197
8399
8482
8025
8286
8227
8299
8175
7887
8395
8398
8398
8167
8526
8528
8044
8015
8278
8120
8281
8185
8441
8230
8315
7991
8255
8272
8177
8240
8192
8052
8041
8564
8278
8315
8485
8290
8369
8369
8197
8267
8229
8207
8211
8309
8377
8155
8162
8310
8357
8152
8310
8272
8347
8220
8131
8439
8014
8450
8369
8285
7885
8025
8186
8475
8020
8249
8545
8280
8148
8542
8396
8174
8601
8280
8374
8487
8407
8060
8343
8234
8378
8252
8384
8005
8560
8350
8380
8140
8274
8618
8349
8189
8444
8449
8107
8448
8403
8293
8447
7951
8345
8399
8298
8358
8099
8146
8102
8190
8190
8149
7974
8069
8571
7977
8332
8462
8581
8020
8274
8244
7954
8165
8113
8291
8373
8230
8202
7957
8240
8337
8087
8283
8200
8281
8205
8383
8391
7901
8287
8228
8370
8225
8270
8374
8044
8341
8262
8196
8149
8169
8392
8150
7923
8296
8401
8323
8162
7944
8142
8598
8112
8375
8009
8408
8383
8319
8181
8280
8453
7997
8247
7991
8390
8300
7893
8400
8409
7956
7982
8150
8142
8292
8350
8400
8138
8386
8175
8257
8291
8151
8027
8171
8438
8315
8348
8283
7952
8425
8402
8517
8535
8144
7955
8481
8499
8170
8112
8075
8110
8441
8381
8366
8455
8585
8229
8322
8336
8497
8192
8568
8218
8302
8249
8294
8240
8239
8366
7976
8494
8426
8365
8525
8105
7852
7954
8644
8145
8315
7911
8166
8086
8042
7827
8231
8475
8385
8553
8081
8294
8210
8664
8122
8353
8167
8407
8118
8200
7857
8247
8159
8298
8354
8400
8205
8015
8515
8389
8136
8092
8124
8190
8300
8256
8235
7990
8317
8140
7954
8184
8213
7974
8188
8653
8227
8069
8232
8217
8172
8106
8183
8377
8406
8269
8341
8396
8551
8457
8266
8168
8227
8428
8305
7949
8160
8292
7912
8034
8209
7860
8109
8283
8188
8330
7906
8246
8347
8612
8362
8401
8013
8200
8249
8109
8240
8414
8328
8417
8520
8203
8344
8349
8211
8151
8257
8280
8209
8076
8615
8502
8262
8153
8442
8177
8149
8130
8169
8194
8326
8333
8211
8354
8330
8193
8176
8539
8207
8415
7996
7817
8100
8336
8184
8130
8279
8451
8334
8485
7990
8165
8371
8148
8191
8254
8610
8339
8359
8006
8367
8396
8440
8102
8069
8411
8035
8292
8086
8295
8426
8316
7925
8234
8223
8394
8360
8276
8417
8205
8277
8299
7919
7873
8024
8309
7891
8100
8322
8173
8063
8250
8455
8256
8309
7998
8692
8154
8150
8608
8342
8231
8232
8416
7922
8448
8335
8158
8289
8525
8015
8202
8360
8178
8298
8422
8150
8457
8428
8089
8215
8098
7831
8449
8362
8595
8482
8271
8314
8467
8292
8584
8294
8047
8382
8341
8219
8313
8125
8355
8282
8285
8179
8273
8333
8533
8535
8242
8159
8430
8217
7991
8159
8184
8255
8281
8109
8386
8374
7955
8571
8248
8384
8057
8166
8521
8069
8420
8148
8319
8496
8352
8300
8258
8384
8077
8485
8228
8329
8444
8344
8340
8414
8078
8328
8345
8046
8304
8078
8421
8201
8431
8237
8545
8250
8021
8246
8141
8114
8026
8266
8131
8265
8424
8474
8233
8205
8205
8547
8187
8344
8388
9022
8296
8034
8485
8008
8278
8186
8423
8093
8260
8449
8294
8515
8344
8244
8347
7952
8251
8150
7815
8491
8186
8581
8306
8218
8505
8307
8107
8584
8113
8296
8101
8081
8019
8488
8200
8356
8464
8446
8421
8593
8284
8336
8125
8225
8357
8269
8538
8149
8451
8221
8329
8149
8313
8176
8502
8280
8410
8220
8448
8488
8380
8174
8051
8281
8034
8250
8200
8278
8123
8324
8167
8291
8004
8525
8190
8127
8285
8313
8418
8454
8211
8214
8190
8061
8471
8670
8347
8317
8209
8421
8248
8201
8209
8253
8325
8290
8350
8307
8298
7983
8256
8329
7880
8414
8250
8726
8313
8338
8325
8298
8553
8378
8226
8190
8277
7940
8179
8232
8020
7887
8287
8224
8008
8306
8226
8346
8345
8142
8210
8397
8276
8400
8411
8183
8265
8287
8370
8234
8143
8264
7762
8147
8670
8182
8248
8384
8144
8253
8371
8117
8351
8225
8158
8037
8227
8463
8175
8157
8111
7892
8349
7878
8316
8500
8523
8064
8298
8387
8130
8161
8115
8240
8130
8396
8445
8270
8242
8307
7965
8274
8105
8248
8370
8099
8339
8373
8320
8277
8079
8366
8144
8101
7844
8018
8613
8201
7975
8305
8078
8469
8313
8270
8234
8534
8281
8160
7944
8035
8108
7993
8244
8123
8227
8399
8109
8486
8098
8096
7924
8362
8128
8079
8396
8090
8251
8421
8245
8358
8155
8500
8545
8055
8357
8078
8141
8619
8316
8581
8221
8404
8175
8192
7733
8246
8332
7972
8411
8346
8349
8227
8101
8509
8282
8209
8536
8419
8171
8124
8058
7783
8253
7989
8387
8249
8277
8280
8345
8364
8269
8224
8165
8076
8011
8332
8406
8018
8357
8269
8420
8468
8335
8360
8320
8214
8066
8499
8213
8292
8485
8187
7913
8563
8488
8159
8308
8496
8276
8736
8061
8344
8615
8036
8234
8123
8395
8415
7918
8200
8366
8159
8193
8559
8446
8010
7910
7794
8214
8227
8345
8147
8012
8119
8283
8288
8137
8495
7896
8101
8012
8374
8433
8529
8153
8318
8222
8599
8141
8341
8391
8399
8230
8498
8225
8248
7993
8088
8241
8307
8139
8410
8464
8351
8214
8010
8166
8249
8492
8569
8025
8096
8189
8134
8282
8473
8106
8553
8415
8255
8428
8339
8378
8298
8524
8187
8439
8137
8357
8189
7972
8394
8507
8316
8460
8172
8254
8367
8398
8248
8543
8346
8394
8315
8196
8304
8187
8250
7973
7947
8111
8042
8298
8246
8228
8244
8102
8499
7779
7978
8289
8107
8276
8587
8133
8164
8273
8493
8104
8252
8172
8240
8181
8655
8405
8445
8599
8457
8265
8423
8513
8123
8435
8079
8267
8164
8356
8223
8114
8209
8191
8237
8077
8414
8163
8621
8383
8570
8427
8203
8007
8354
8499
8038
8579
8101
8460
8030
8263
8438
8277
8264
8409
8028
7961
8319
8095
8310
8354
8188
8475
8154
8165
8163
8437
8419
8237
8152
8610
8133
7890
8080
8316
8362
8170
8127
8473
8675
8008
8444
8152
8291
8187
8102
8004
8477
8372
8182
8112
8059
8103
8325
8021
8221
8225
8153
8398
8208
8317
8351
8315
8106
8386
8276
8158
8292
8440
8266
8491
8062
8196
8239
8497
8328
8035
8704
8229
8390
8309
8214
8017
8174
8395
8118
8244
8404
8404
8315
8374
8063
8136
7995
8093
8426
8360
8373
8051
8237
8366
8542
8257
8093
8133
8085
8187
8372
8139
8249
7967
7884
8161
8275
7844
8277
8372
8444
8103
8163
8215
8121
8167
8412
8345
8545
8359
8593
8234
8598
8349
8138
8517
8188
8053
8458
8220
8288
8187
8122
8409
8487
7964
8417
8558
8246
8198
8419
8046
8171
7946
8055
8038
8014
8510
8158
8237
8298
8457
8502
8487
8354
8578
8107
8499
8456
8491
8146
8457
8290
8319
8357
7943
8134
8442
7868
8317
8049
8182
7832
8477
8198
7927
8513
7931
8134
8324
8062
8617
8405
8422
8376
8313
8325
8015
8512
8256
8225
8363
8379
8102
7994
8363
8402
8078
8085
8253
8366
8529
8294
8012
8161
8218
8386
8251
8355
8260
8283
8399
7971
8193
8448
8224
8330
8248
8374
7932
8009
8374
8158
8287
7754
8266
8339
8527
8404
8199
8351
8328
8407
7975
8496
8436
8556
8450
8210
8299
8053
8366
8679
8318
8391
8094
8060
8416
8167
8283
8384
8455
8285
8397
8092
8396
8363
8242
7979
8098
8285
8327
8109
8522
8307
8286
8015
8410
8355
8305
7913
8002
7978
8386
8349
8465
8371
8465
8369
7995
8012
8249
8267
8135
8660
7982
8626
8456
8174
8176
8416
8099
8582
8213
8372
8063
8255
8290
8222
8209
8232
8335
8489
8240
8206
8321
8039
8281
8103
8260
8187
8241
8098
8159
8152
8391
8270
8130
8220
8213
8426
8133
8024
8511
8344
8266
8180
8281
8483
8106
8217
8434
8155
8524
8103
8392
8301
8531
8337
7948
8491
8449
8295
8126
7976
8301
8040
8097
7718
8359
8239
8280
8263
8683
8115
8067
8360
7789
8230
8230
7995
8483
8480
8566
8337
8420
8206
8283
8143
8097
8436
8347
8204
8209
8289
8042
8281
8475
8323
8371
8129
8194
8323
8181
8291
8303
7898
8304
8264
8398
8311
8413
8264
8118
8357
8283
8246
7926
8286
8364
8141
8257
8150
8239
8285
8124
8456
8265
8032
8044
8251
8498
8166
8293
8212
8241
8310
8082
8216
8252
8209
8010
8541
8271
8552
8065
8355
8508
8475
8435
8105
8347
7943
8068
8189
8340
8541
8262
7958
8157
8300
8241
8438
8216
8187
8201
8265
8232
8168
8308
8391
8155
8262
8278
8129
8051
8287
8527
8072
8396
8223
8258
8268
8252
8391
8198
8210
8083
8218
8350
8095
8150
8296
8459
8336
8000
8343
7890
8018
8708
8381
8108
8266
8344
8209
7729
8184
8299
8471
8282
8529
8308
8225
8192
8554
8314
8350
8222
8742
8244
8294
8072
8640
8232
8332
7742
8146
8020
8411
8152
8396
8554
8297
8293
8049
8532
8391
8231
7985
8137
8371
7860
8501
8285
8323
8235
8048
8061
8182
8187
8209
8368
8336
8094
8347
8128
8250
8255
8356
8227
7942
8305
8081
8054
8198
8163
8235
8344
8110
8067
8461
8518
8437
8195
8394
8202
8469
8324
8404
8194
8285
8377
8082
8622
8379
8004
8365
8124
8348
8333
8159
8058
8076
8354
8336
8383
8064
8521
8248
8271
8368
7882
8186
8422
8497
8491
8160
8160
8374
8289
8213
8208
8183
8260
8524
8200
7864
8041
8149
8269
8335
8456
8366
8160
8256
8458
8267
8165
8422
8101
8164
8122
8102
8141
8173
8099
8207
8126
8110
8187
8126
8139
8148
8155
8272
8229
8227
8253
8247
8176
8018
8350
8150
8007
8272
7988
8417
8108
8248
8005
8173
8203
8486
8143
8534
8169
8143
8475
8034
7858
8493
8432
8318
8392
8430
8177
8431
8149
8446
8377
8019
8250
8227
8155
8295
8138
8052
8662
8277
8281
8268
7949
8335
8377
7834
8021
8090
8067
8122
8209
8098
8357
8451
8217
8186
8416
8157
8258
8093
8035
8363
8011
8645
8080
8360
8245
8445
8565
8052
8118
8410
8338
8078
8696
8545
8285
8166
8294
8269
8135
8375
8336
8410
8228
8339
8263
8210
8179
8456
8196
7922
8397
8381
8294
8055
8168
8119
8412
8284
7952
8122
8428
8234
8065
8272
8477
8570
7844
8108
8546
8428
8482
8199
8528
8157
8482
8175
7775
8463
8380
8255
8571
8187
8105
8269
8159
8178
8407
8175
8200
8172
8313
8151
7941
8317
8329
8311
8164
8078
8071
8363
8188
8644
8055
8077
7975
8548
8301
8138
8397
8168
8466
8333
8253
8264
8380
8300
8314
8428
8529
8424
8508
8435
8286
8372
8239
8451
8086
8357
8044
8330
8209
8349
8199
8445
8092
8385
8296
8481
8241
8532
8440
8399
8337
8173
8228
8287
8162
8576
8212
8305
8285
7984
8193
8279
8245
8151
8261
8286
8326
8415
8171
8447
8400
7939
8473
7838
8249
8455
8378
8321
8255
8219
8645
8250
8428
7991
8397
8346
8101
8274
8669
8380
8401
8161
7980
8130
8302
8218
8136
8055
8552
8439
8425
8399
8436
8185
8355
8046
7972
8114
8220
8397
8134
8407
8318
8287
8151
8321
8291
8195
8466
8162
8148
8344
8274
8155
8258
8414
8298
8266
8178
8144
8209
8372
7973
7976
8454
8432
8056
8355
8301
8355
8054
8121
8396
7968
8151
8262
8500
8005
8426
8314
8198
8041
8658
8444
8206
8308
8360
7795
8371
8536
8475
8153
8384
8342
8466
8388
8305
8329
8183
8452
8424
8124
8391
8232
8076
8312
8230
8398
8350
8501
8426
8326
8255
8104
8108
8337
8389
8106
8538
8350
8199
8389
8069
8337
8493
8335
8155
8063
8416
8156
8358
7968
8192
8249
8342
8325
8453
8146
8472
8538
8363
8016
8268
8330
8337
8274
8399
8138
8251
8231
7930
8078
8094
8478
8441
8194
8240
8082
8403
8440
8312
8342
7963
8262
7806
8359
8172
8315
8108
8250
8128
7915
8369
8292
8262
8322
8073
8210
8467
8255
8406
8231
8082
8386
8334
8088
8427
8360
8294
8673
7630
8260
7990
8238
8679
8319
8381
8570
8274
8259
8101
8140
8083
8150
8302
8510
8428
8336
8208
8386
8307
8283
8451
8067
8088
8270
8171
8142
8385
8467
8410
8213
8233
8173
8127
8427
7962
8170
8128
8049
8210
8569
8170
8440
8194
8472
8124
8593
8493
7851
8283
8231
8286
8301
7924
8358
8107
8570
8381
8262
8269
8346
8151
8216
8182
8391
8289
8455
8263
8126
8596
8356
8446
7864
8113
8224
8257
8207
8172
8337
8326
8105
8309
8262
8240
8044
8328
8382
8297
8474
7992
8396
8177
8412
8204
8362
8432
8530
8522
8080
8104
8093
8175
8261
8184
8304
8211
8202
8264
8206
8337
8209
7966
8294
8195
8314
8527
8466
7860
8108
8574
8208
7910
8207
8289
8084
8253
7999
8458
8408
8179
8359
8239
8478
8309
8123
8072
8099
8684
8282
8117
8209
8283
8201
8339
8253
8358
8450
8326
8289
8018
8362
8343
8196
8150
8455
7909
8141
7896
8747
8104
8287
8211
8542
8226
8286
8393
8656
8046
8289
8275
8591
8217
8298
8099
8213
7930
8188
8185
8111
8059
8177
8653
8324
7993
7998
8113
8267
8424
8417
7877
8241
8377
8310
8212
8311
8390
8318
8194
8080
8367
8142
8108
8239
8517
8545
8403
8365
8093
8261
8480
8055
8234
8301
8125
8566
8136
8235
8108
8215
8489
8044
8157
8475
8072
8247
8034
8192
8381
8083
7999
8195
8187
8243
8312
8016
8046
8108
8276
8182
8381
8322
7989
8165
8479
8363
8438
8325
8244
8289
8318
8231
8339
8337
8306
8229
8046
8098
8499
8243
8544
8064
8290
8348
8424
8444
8229
8389
8350
8313
8393
8291
8285
8478
8295
8625
8452
8206
8346
8174
8357
8346
8701
8111
8320
8598
8171
8479
8208
8239
8088
8356
8178
8062
8517
8384
8394
8090
8137
8126
8552
8249
8224
8243
8098
8262
8222
8264
8341
8260
8560
8541
8267
8110
8169
8021
8056
8319
8271
8158
8306
8482
8106
8095
8188
8279
8373
8034
7948
8296
8268
8417
7831
8213
8069
8059
8067
8149
8169
8140
8372
8215
8378
8069
8105
8295
8396
8176
8295
8315
8255
8193
8377
8377
8548
8165
8326
7966
8163
8174
8171
8284
8336
8019
8284
8028
8471
8361
8575
8088
7993
8332
7930
8128
8415
8425
8306
8100
8452
8154
8679
8402
8338
8278
8382
8407
8061
8204
8117
8228
8273
8296
8341
8323
8138
8050
8168
8335
8214
8290
8192
8305
8421
8512
8382
8327
7935
8329
7933
8028
8166
8064
8320
8025
8438
8131
8025
8448
8329
8317
7967
8302
8136
8261
8404
8478
8118
8129
8286
8332
8515
8187
8381
8116
8125
8398
8102
8158
8488
7852
8338
8263
8194
8313
8164
8274
8206
8254
7998
8121
8313
8363
8258
8434
8004
7992
8139
8034
8354
8132
8111
7986
8277
8227
8431
8171
8320
8449
8433
8275
8244
8479
8560
8043
8181
8235
8384
8413
8190
8530
8294
8242
8421
8381
8305
8317
8287
8418
8092
8099
8290
8199
8053
8227
8397
8072
8434
8197
8168
8397
8142
8308
8210
8419
8540
7864
8299
8362
8043
8056
8362
8193
8530
8329
8308
8461
8206
7984
8137
8179
8449
8350
8326
8320
8575
8431
8251
8160
8294
8268
8614
8145
8244
7991
8421
8248
8703
8297
8319
8398
8396
8159
8779
8375
8453
7822
8462
8051
8235
8363
7965
8032
8448
8181
8228
8320
8024
8237
8182
8538
8131
8132
8237
8421
8467
8407
8174
8259
7927
8553
8423
8212
8559
8116
8340
8148
8317
8233
8314
8320
8378
8009
8279
8126
8093
8309
8269
8148
7898
8391
8065
8160
8296
8194
8146
8389
8358
8132
8430
8579
8235
8052
8338
8364
8239
8136
8111
8331
8404
8313
8001
8359
8320
8086
8174
8491
8394
8360
8218
8425
8262
7778
8384
8414
8444
8571
8287
8352
8195
8068
8249
8272
8615
8212
8550
8312
8164
8378
8632
8049
8081
8242
8616
8210
8430
8588
8150
8341
8379
8112
8319
8256
8367
8165
8392
8141
8159
8329
8319
8177
8206
7864
8113
8243
8102
8247
7987
8367
7991
8119
8208
8229
8468
8386
8290
8395
8228
8260
8362
8217
7828
8331
8293
8074
8664
8016
8185
7919
8277
8098
7831
8495
7985
8425
8329
8314
8271
8607
7977
8362
8539
8191
8474
8337
8048
8366
8201
8202
8428
8307
8467
8256
8019
8260
8401
7920
8245
8185
8065
8644
8376
8253
8423
8193
8386
8584
8440
8359
8100
8334
8266
8218
8342
8196
8219
8209
8360
8140
8326
8188
8364
8186
8449
8217
8568
8406
8340
8535
8050
8347
8126
8185
8117
8314
8280
8353
8209
8362
8463
8618
8182
8034
8361
8583
8274
8246
7945
8266
8367
8405
8254
8001
8123
8209
8059
8312
8526
8267
8343
8168
8298
8200
8095
8294
8426
8608
8265
8293
8309
8535
8403
8319
8143
8305
8599
8448
8223
8184
8140
8414
8056
8203
8285
8381
8305
8418
8378
8435
8472
8485
8202
8238
8264
8004
8146
8053
8057
8181
8549
8302
8653
8352
8266
8019
8121
8347
7956
8076
8126
8395
8221
8093
8472
8030
8368
8382
8162
8440
8122
8200
8022
8200
8452
8038
8380
8238
8144
8220
8157
8015
8298
8160
8343
8298
8040
8107
8483
8011
8144
8516
8301
8057
8214
8265
8122
8317
8101
8207
8204
8460
8128
8315
8638
8310
8253
8209
7929
8438
8289
8366
8350
8441
8454
8132
8538
8285
8305
8408
8207
8347
8143
8117
8084
8310
8279
8526
8648
8433
8428
8471
8603
8428
8105
8242
8250
8196
8391
8238
8081
7992
8015
8185
8111
8273
8201
8607
8255
8427
8021
8381
8319
8368
8381
8483
8276
8185
7969
8166
8248
8167
8222
8347
8250
8147
8599
8431
8543
8319
8398
8528
8476
8374
8270
8445
7907
8386
8168
8306
7894
8362
8726
7930
8350
8521
8541
8382
8136
8342
8251
8184
8360
8281
7935
8223
8629
8032
8218
8192
7997
8301
8510
8474
8294
8167
8248
8537
8217
8062
8405
8366
8275
8403
8662
7999
8404
8052
8364
7980
8427
8453
8168
8290
8143
8114
8002
8215
8364
8278
8250
8285
8169
8029
8064
8063
8014
8287
8450
8470
8045
8301
8017
8203
8249
8384
8265
8355
8121
8290
8599
8289
8324
8266
8405
8334
8496
8345
8319
8520
8611
8441
8318
8115
8382
8118
8204
8301
8308
8362
8152
8313
8244
8313
8305
8330
8313
8161
8344
8064
8150
8267
8665
8551
8187
8007
8442
8031
8012
8233
8220
7975
8283
8219
8176
8106
8254
8325
8300
8241
8118
8179
8233
8359
8495
8225
8494
8413
8245
7849
8521
8243
8343
8283
8123
8258
8147
8365
8322
8193
8229
8419
8267
8322
8334
8475
8162
8045
8195
8176
8055
8306
8380
8030
8314
8276
8257
8453
8274
8329
8273
8138
8085
8092
8119
8188
8141
8118
8439
8417
8485
8185
8705
8435
8194
8024
8231
8172
8251
8295
8280
8208
8557
8406
8327
8128
8365
8182
8293
8377
8455
8107
8343
8328
8405
8685
8277
8308
8209
8421
7914
8178
8035
8266
8215
8069
8199
7798
8043
8262
8261
8377
8197
8333
7913
8316
8368
8092
8010
8216
8256
8161
8209
8215
8410
8114
8222
8114
8424
8427
8152
8285
7960
8233
8140
7982
8501
8168
8311
8424
8179
8382
8073
8026
8254
8160
8226
8137
8097
8119
8105
8467
8217
8261
8374
8280
8257
7940
8497
8423
8303
8320
8306
8056
8210
8337
8126
8368
8508
8043
8565
8766
7726
8112
7916
8516
8191
8259
8351
8131
8378
8019
8086
8105
8216
8183
8322
8120
8241
8388
8347
8394
7991
8074
8390
8173
7936
8498
8134
7946
8216
7948
8185
8099
8156
8467
8304
8047
8006
8482
8392
8197
8281
8260
8090
8105
8314
8509
8104
8336
8499
8306
8212
8348
8010
8442
7997
8365
8090
8192
8128
8211
7956
8179
8032
8246
8109
8156
8420
8443
8196
8265
8391
8379
8124
8067
8034
8131
8073
8297
8313
8553
8164
7932
8234
8294
7998
8041
8254
8315
8276
8310
8184
8265
8166
8209
8412
8206
8183
8203
8240
8224
8199
8108
8178
8363
8563
8373
8380
8445
8365
8292
8382
8059
7877
8261
8329
8362
8112
7866
8021
8504
8447
8100
8278
8584
8101
8158
8376
8155
8378
8325
8202
8406
7973
8100
8162
7911
8196
8154
8196
8065
8013
8255
8384
8394
8382
8401
8206
8337
8052
8391
8272
8084
8140
8368
7871
8598
8300
8245
8498
7893
8130
8459
8263
8419
8499
8179
8340
8067
7967
7919
8157
8317
8146
8161
8312
8305
8237
8420
8185
8220
8084
8163
8365
8363
8185
8278
7978
8315
8361
8119
8159
8842
8352
8434
8119
8374
8226
8139
8255
7977
7886
8473
8469
8060
7999
8206
7968
8068
8246
8292
8185
8039
8368
8338
8196
8466
8474
8361
8398
8166
8348
8342
8475
7813
8457
8528
8219
8425
8076
8180
8046
8286
8155
8453
8035
8048
8389
8555
8298
8466
8086
8471
8033
8090
8418
8296
8561
8459
8360
8428
8024
8105
8325
8436
8011
8174
8305
8211
8214
7971
8364
7903
8240
8453
8328
8349
8104
7992
8203
7995
8230
8217
8324
8216
8106
8383
8277
8287
8493
8474
8185
8284
8377
8229
8246
8402
8083
7964
8357
8252
8331
8203
8165
8243
8111
8602
8021
8011
8497
8316
8263
8570
8525
8072
8533
8168
8377
8206
8217
8017
8131
8284
8404
8448
8358
8097
8343
8029
8157
8485
8534
8349
8250
8219
8307
8138
8127
8363
8396
8432
8197
8479
8088
8478
8389
8691
8059
8405
8456
8278
8309
8116
8055
8419
7932
8346
8234
7939
8072
8179
8332
8184
8468
8131
8509
8323
8473
8155
8435
7942
8456
8312
8500
8336
8451
7992
8206
8330
8242
8544
8260
7874
8072
8486
8247
8222
8191
8093
8387
8128
8420
8096
8369
8365
8110
8200
7937
8479
8169
8421
8018
8095
7946
8165
8187
8140
8114
8420
8510
8260
8804
8110
8483
8079
8124
8333
8383
8252
8247
8297
8401
8366
8300
8292
8245
8113
8182
8028
8102
8241
8357
8296
8439
8247
8313
8401
8239
8373
8164
8213
8535
8312
8146
8266
7887
7988
8313
8386
8402
8419
8414
8254
8275
8397
8243
8109
8332
8350
7910
8283
8466
8220
8378
8349
8154
8339
8082
8385
8260
8508
8142
8250
8440
8166
8040
8347
8064
8014
8193
8290
8366
8213
8438
8296
8335
8120
8317
8103
8524
8367
8441
8523
8349
8655
8281
8439
8176
7869
8388
8009
7956
8043
8455
8225
8497
8579
8154
8150
8218
8176
8348
8162
8116
8304
8158
8430
8434
8148
8345
8272
8300
8060
8250
8274
8179
8502
8370
8356
8283
8009
8569
8229
7939
8131
8190
8267
8411
8556
8282
8170
8692
8222
8130
8211
7863
8197
7961
8152
8307
8089
8310
8340
8765
8719
8290
8146
8024
8283
8375
8125
8444
8186
8264
8669
7976
8497
8091
8161
8068
8506
8402
8339
8107
8231
8353
8318
8279
8254
8546
8654
8038
8109
8383
8154
8270
8164
8338
8202
8026
8229
7917
8470
8144
8373
8107
8029
8327
7882
8392
8150
8238
8548
8090
7902
8338
8466
8287
8451
7951
8477
7860
8001
8166
8341
8445
8129
8229
8333
8076
8090
8289
8273
8223
8504
8194
8250
8243
8108
8144
8170
8287
8184
8403
8199
8289
8174
8099
8117
8379
8432
8231
8157
8295
8105
8334
8269
8361
8082
7935
8405
8396
8101
8446
8193
8201
8103
8255
8120
8250
8529
8254
8227
8281
8608
7971
8368
8218
8119
8314
8417
8182
8271
8466
8083
8012
8122
8309
8534
8227
8209
8254
8430
8127
8420
8267
8255
8282
8150
8208
8468
8298
8209
8460
7989
8133
7956
8532
8330
8375
8349
8130
8584
8138
8131
8521
8197
8543
8218
8085
8445
8263
8155
8353
8171
8118
8098
8072
7995
8327
8042
8208
8242
8115
8200
8264
8383
8258
8519
8511
8124
8290
8331
8217
8307
8658
8205
8099
7910
8270
8474
8366
8434
8219
7993
8364
8264
8443
8521
8497
8215
8502
8341
8499
8361
8533
8355
8434
8254
8141
8534
8195
8267
8032
8206
7954
8201
7925
8429
8048
8398
8454
8281
8445
8207
8237
8216
8357
8039
8129
8264
8212
8511
8211
8322
8025
8458
8350
8298
8218
8156
8597
8312
8168
8175
8531
8474
8425
8370
8007
8107
8686
8481
8311
8305
8330
8295
8155
8311
8444
8701
8319
8331
8407
8499
8149
8327
8049
8258
7965
8435
8058
8377
8426
8146
7951
8349
8434
8363
8074
8156
8432
8240
8138
8220
8212
8440
8191
8289
8389
8261
8213
8514
8414
7966
8343
8140
8267
8599
8214
8089
8246
8130
8308
8430
8303
8034
8732
8267
8745
8331
8380
7941
8196
8248
8675
8243
7987
8384
8167
8117
8404
8373
8228
8302
8100
7959
8250
8194
8576
8544
8242
8295
8452
8315
8306
7975
8273
8200
8192
8152
8230
8036
8309
7975
8390
8193
8291
8104
8259
8267
8338
8337
7978
8337
8260
8138
8327
8003
8038
8236
8182
8403
8254
8487
8402
8371
8391
7943
8161
8145
8293
7748
8240
8303
8312
8259
8168
8132
8042
8172
8608
8457
8353
8234
8318
8511
7958
8204
8471
8489
8335
8394
8158
8226
8313
7929
8539
8256
8314
8014
8310
8379
8526
8408
8576
8085
8283
8137
8061
8323
8350
8233
8278
7957
8016
8166
8440
8330
7998
8195
8376
8302
8184
8396
8324
8399
8048
8400
8345
8133
8258
8406
8433
8545
8136
7939
8227
8313
8176
8208
8199
7902
8267
8178
8442
8185
8439
8184
8150
8164
8107
7998
7971
8350
8295
8309
8596
8614
8375
8370
8363
8049
8117
8351
8338
8360
8370
8008
8158
8303
8045
8199
8324
8296
8373
8094
8295
8180
8031
8222
8334
8140
8374
8402
8214
8281
8406
8338
8416
8250
8287
7979
8355
8361
7947
8107
8254
7925
8513
8288
8137
7985
8214
8289
8260
8238
8371
8189
8198
8026
8305
8461
8284
8193
8327
8619
8370
8567
8495
8271
8206
7918
8326
8251
8322
8078
8260
8284
8206
7979
8224
8102
8123
8119
8456
8285
7905
8209
8326
8187
8297
8394
8374
8112
8384
8243
8193
8403
8262
8228
8208
8298
8187
8359
8151
8569
8318
8672
8353
8197
8555
8096
8207
8342
8387
8420
8192
8406
8220
8243
8406
8321
8461
8368
8229
8234
8240
8177
8073
8326
8074
7952
8120
8024
8001
8420
8270
8264
8548
8583
8167
8257
8342
8221
8046
8112
8227
8237
8307
8202
8309
8139
8207
8088
8601
8264
8605
8352
8070
8066
8045
8468
8403
8239
8317
8231
8212
8392
8462
8231
8083
8427
8123
8305
8132
8079
8319
8371
8075
8309
8052
8206
8369
8160
8326
8316
7974
8555
8461
8515
8087
8202
8031
8220
8243
8325
8370
8476
8144
8279
8089
8052
8436
8151
8237
8198
7982
8265
8558
8442
8147
8079
8405
7957
8147
8409
8283
8232
8320
7949
8148
8285
8345
8697
8548
8150
8406
8716
8182
8270
8206
8398
8411
8228
8359
8178
8043
8314
8629
8313
8206
8141
8101
8021
8198
8353
7920
8443
8388
8431
8192
8284
8547
8249
8167
8371
8185
8183
8176
8434
8138
7850
8331
8290
8465
8590
8192
8313
8152
8323
8253
8134
8338
8359
8260
8317
8194
8118
8014
8051
8277
8335
8320
8303
8354
8144
8285
8383
8281
7940
8169
8181
8228
8245
8357
8307
8138
8143
8428
8369
8191
8157
8461
8272
8422
8410
7982
8318
8437
8420
8493
8075
8072
8264
8372
8480
8454
8270
8320
7946
8333
8133
8419
8252
8327
8172
8189
8457
8335
8194
8343
8338
8469
8567
8293
8352
8182
8241
8196
8673
8111
7996
8169
8504
8253
8527
8335
8493
8815
8145
8593
8370
8311
8179
8325
8269
8112
8217
8513
8173
8368
8045
8339
8360
7932
8231
8262
8261
8431
8095
8309
8487
8561
8265
8346
8403
8164
8352
8247
8375
8423
7994
8186
8229
8393
8586
8255
8322
8092
8469
8301
8540
7959
8474
8375
8356
8347
8108
8041
8214
8187
8185
7926
8270
7975
8232
8249
8197
8130
8438
8402
8424
8151
8317
8191
8321
8169
8338
8326
8176
8348
8410
8353
7988
8355
8300
8402
8239
8386
8020
8098
8168
8319
8266
8228
8320
8317
8377
8183
8104
8090
8324
8136
8157
8331
8334
8504
8406
8440
8380
8414
8099
7951
8283
8052
7889
8195
8357
8316
7966
8427
8091
8084
8174
8095
7852
8331
8238
8281
8346
8315
8435
8196
8237
8090
8224
8262
8381
8301
8180
8265
8219
8343
8135
8419
8121
8525
8198
8490
8528
8172
8016
8195
8197
8166
8116
8383
8003
8098
8252
8509
8343
8463
8193
8446
8456
8117
8325
8347
8223
8174
8433
8307
8203
8256
8361
8254
8223
8365
8527
8137
8181
8165
8022
8240
8137
8192
7998
8421
8386
8308
8602
8395
8311
8369
8310
8206
8056
8177
7948
7986
8279
8153
8338
8025
8037
7901
8312
8017
8204
8022
8234
7981
8193
8115
8428
8422
8192
8030
8391
8215
8386
8326
8179
8190
8236
8262
8252
8404
8159
8176
8284
8201
8284
8229
8476
8431
8358
8035
8339
8165
8111
8389
8296
7983
8271
8196
8443
8465
8025
8115
8127
8230
8453
8215
8308
8520
8299
8287
7973
8038
8104
8194
8238
8240
8190
7828
7995
8372
8383
8182
8151
8232
8327
8379
8298
8288
8228
8567
8234
8453
8025
8463
8009
8351
8132
7940
7976
8210
8317
8444
8468
8199
8536
8201
8298
8462
8256
8197
8447
8338
8015
8365
7690
7985
8141
8180
8231
8404
8431
8259
8037
8204
8483
8581
8240
7993
8440
8076
8630
8613
8448
8226
8153
8129
8254
8455
8544
8229
8356
8075
8117
8255
8332
8365
8418
8149
8423
8315
8296
8229
8300
8264
8093
8079
7980
8535
8399
8315
8400
8375
8166
8542
8332
8444
8257
8197
8074
8020
8603
8361
8246
8482
8257
8000
8272
8364
8314
8386
8298
8205
8129
8182
8322
8385
8240
8575
8238
8347
8161
8177
7922
7960
8076
8013
8332
8340
8260
8427
8015
8307
8298
8216
8591
8659
8460
8156
8021
8536
8372
8572
8121
8468
8068
8218
8543
8306
8655
8116
8039
8261
8035
8418
8049
8064
8388
8067
8175
8338
7967
8181
8270
8525
8403
8070
8076
8316
8023
8252
8355
8227
7979
8531
8301
7977
8520
8130
8269
8231
8239
8459
8241
8156
8158
8079
8431
8442
8108
8098
8533
8101
8111
7996
8160
8292
8563
8191
8271
8392
8068
8299
8296
8376
8212
8051
8218
8026
8086
8207
8243
8143
8060
7975
8250
8197
8365
8492
7827
8339
8424
8169
8233
8470
8623
8428
8730
8136
8131
8345
8434
8359
8189
8202
8442
8057
8334
8046
8284
8348
8368
8081
8345
8322
8282
8386
8289
8191
8185
8048
8465
8195
8221
8226
8362
8205
8479
8322
8337
8261
8534
8145
8341
8486
8149
8272
8512
8394
8334
8201
8239
8304
8759
8253
8091
8314
8236
8357
7896
7802
8222
8274
8302
8111
8324
8142
8554
8240
8252
8139
8397
8285
8261
8009
8215
8270
8399
7828
8240
8280
8150
8544
8472
8333
8426
8178
8082
8480
8410
8112
8499
8245
8348
8034
8059
8363
8355
8149
8127
8450
8368
8535
8159
7973
8228
8511
7879
8575
8069
8300
8338
8436
8236
8137
8271
8567
8496
8004
8505
8439
8120
8326
8555
7989
8284
8562
8386
7970
8103
8213
8413
8541
8270
8596
8203
8139
8433
8467
8305
8319
8430
8577
7918
8270
8204
8410
7987
8375
8169
8175
8181
8352
8095
8268
8084
7783
8420
8135
8446
8442
8267
8161
8196
8323
8212
8024
8204
8420
8369
8002
8240
8271
8208
8280
8288
8308
8123
8437
8343
8321
8484
8104
8199
8145
8241
8169
8303
8066
8057
8265
8313
7988
8087
8377
8286
8309
8344
8099
8207
8356
8395
8550
8224
8183
8190
8255
8424
8225
8017
8227
8437
8295
8223
7880
8206
7938
8335
8436
8378
8231
8360
8194
7939
8199
8196
8280
8233
8442
8027
8213
8140
8331
8267
8578
8194
8091
8329
8305
8189
8582
8238
8591
8400
8185
7926
8316
8343
8340
8278
8285
8116
8349
8166
8038
8310
8290
8029
8374
8118
8402
8349
8318
8521
8140
8345
8305
8713
8020
8231
8164
8336
8342
8237
8220
8141
8146
8536
8138
8133
8110
8276
8043
8401
8416
8441
8106
8537
8450
8197
8614
8485
8059
8300
8450
8070
8196
8095
8605
8069
8451
8020
8605
8162
8064
8408
8277
8335
8489
8184
8264
8020
8332
8613
8162
8305
8211
8219
8324
8248
8457
8454
8145
8227
8297
8164
8335
8446
8322
8308
8131
8391
8092
8514
8226
7813
8180
8385
8183
8530
8228
8273
8367
8289
8605
8041
8038
8225
8427
8420
8222
8394
8199
8088
8245
8108
8358
8235
8002
8345
8431
8286
8397
8142
8297
8185
8247
8391
8246
8166
8450
8593
8303
8192
7973
8517
8281
8037
8409
8297
8211
8256
8442
8152
8318
8221
8246
8028
8132
8505
8492
8430
7955
7966
8116
8375
8367
8225
8468
8247
8759
8139
8381
8239
8281
8501
8128
8277
8081
8427
8299
8232
8412
8364
8211
8263
8290
8368
8240
8312
8500
8114
8020
8324
8241
8270
8445
8361
8333
8193
8581
8662
8049
8524
8094
8376
8708
8117
8084
8054
8185
8371
8260
8098
8367
8297
8471
8315
8555
8387
8166
8066
8027
7976
8328
7984
8417
8573
8289
8085
8194
8532
7940
8224
8264
8368
8415
8268
8082
8259
8349
8275
8161
8430
8229
8236
8297
8310
8260
8228
8355
7991
8357
8234
8396
8314
8287
8265
8254
8071
8243
8210
8295
8712
8365
7977
8379
8133
7941
8274
8140
8438
8399
8347
8223
8187
8141
8360
8167
8269
8365
8648
8379
8234
8230
8611
8175
8268
8346
8234
8243
8027
8088
8116
8299
7920
8117
8215
8109
8079
8283
8362
7992
8126
8422
8311
8242
8320
8019
8118
8084
8085
7982
8299
8307
8151
8295
8070
7961
8237
8084
8380
8079
8269
8229
8357
8404
8258
7949
8300
7927
8375
8471
7995
7953
8359
8106
8207
8302
8330
8069
8274
7942
7996
8217
8623
8235
8362
8458
8207
8210
8263
8060
8294
7931
7987
8383
8158
8270
8387
8471
8329
8619
8463
8128
8197
8120
8387
8217
8078
8266
8153
8231
8271
8324
8210
8145
8309
8093
8344
8335
8295
8299
8470
8407
8243
8233
7930
8087
8358
8203
8178
8081
8092
8352
8190
8268
8154
8217
8149
8420
8295
8207
8209
8378
8267
8127
8479
8135
8267
8261
8395
7989
8266
8091
8411
8347
8114
8517
8247
8425
8456
8238
8437
8333
8301
8126
8111
8542
8462
8298
8418
8551
8040
8471
8010
8156
8175
8179
8049
8323
8007
8209
8037
8563
8616
8385
8253
8247
8295
8499
8622
8205
8115
8052
8185
8502
8322
8026
8248
8182
8253
8289
8213
8255
8283
8331
8264
8183
8311
8334
8409
8463
8319
8172
8131
8082
8145
8422
8162
8462
8217
8436
8429
8106
8190
8218
8298
8380
8252
8349
8542
8353
8250
8158
7855
8405
8167
8461
8209
8282
8185
8362
8364
8558
8290
8094
8376
8236
8259
8238
7989
8138
8222
8403
8495
8231
8189
8315
7978
8159
8083
8463
8272
8685
8427
8194
8065
8323
8113
8183
8087
7936
8246
8157
8367
8070
8147
8291
8520
8126
8459
8621
8147
8202
8307
8103
8354
8157
7960
8327
8655
8655
8395
8081
8456
8421
8367
8486
8278
8315
8311
8322
8270
7977
8357
8221
8161
8499
7972
8129
8196
8259
8033
8103
7950
7884
8463
8350
8465
8527
8153
8180
8085
8195
8573
8147
8196
8563
8402
8294
8334
8230
8164
8172
8388
8513
8169
8581
7899
8342
8056
8306
8121
8322
8369
8608
8348
8445
8364
8135
8636
8219
8114
8318
8172
8348
8068
8236
8345
8430
8260
8257
8276
8283
8427
8110
8216
8527
8219
8063
8350
8184
8395
8279
8329
7960
8289
8541
8277
8249
8256
7758
8285
7945
8468
8401
8269
8178
8102
8609
8230
8225
8381
8282
8222
8337
8081
8395
8515
8504
8436
8031
8084
8250
8301
8190
8409
8494
8044
7865
8528
8514
8328
8231
8018
8392
8282
8125
8275
8208
8241
8449
8342
8132
8359
8067
8203
8318
8186
8356
8003
8225
8253
8211
8172
8257
8365
8281
