78
64
70
80
64
58
58
60
66
70
64
68
70
64
66
70
60
76
62
66
64
72
64
60
64
58
68
64
52
72
66
68
62
76
60
56
78
66
72
64
60
70
70
74
58
76
64
62
70
76
68
66
52
64
74
64
66
62
72
62
70
62
62
72
72
70
72
68
62
66
62
74
70
74
70
62
56
64
62
74
70
68
66
66
66
58
78
70
74
58
66
70
78
62
72
64
60
60
64
58
80
78
60
58
60
68
72
60
64
72
58
66
66
66
64
60
72
78
54
66
64
60
70
68
64
68
60
70
66
62
72
64
64
62
60
70
60
48
64
64
60
66
76
70
66
62
56
64
64
66
76
64
66
64
54
70
74
66
60
70
58
64
62
58
56
58
62
74
70
68
62
62
66
62
68
56
60
78
70
72
54
66
60
76
52
68
66
68
62
60
52
68
62
58
68
64
62
66
70
60
66
62
72
64
78
62
70
74
70
74
76
58
68
76
66
60
74
68
64
74
62
70
70
54
70
64
62
72
62
66
50
72
74
76
68
56
66
56
74
60
74
70
68
66
74
68
72
66
62
62
70
60
76
64
70
52
78
64
66
70
70
68
72
66
64
64
64
66
64
66
56
68
66
58
70
56
58
70
60
64
76
66
72
70
62
70
74
60
62
66
58
60
56
66
64
66
58
64
68
74
84
70
74
72
68
60
64
66
64
62
64
70
70
64
66
72
74
66
68
76
72
62
62
66
72
74
86
74
78
60
76
68
74
64
64
64
72
72
64
68
66
64
64
76
64
74
58
58
72
68
66
76
70
72
64
70
68
74
72
68
64
76
78
60
80
78
60
68
58
70
60
72
60
74
60
68
64
76
72
72
72
68
80
54
74
68
64
68
62
58
60
64
60
64
70
70
70
60
68
66
72
74
64
64
72
64
66
60
68
76
66
66
74
70
60
70
76
70
68
70
72
72
64
62
76
70
74
64
68
64
68
62
78
70
66
58
68
74
66
70
78
76
66
72
64
66
64
66
62
66
66
64
68
80
72
64
66
70
64
58
60
74
66
58
70
62
50
66
70
68
66
64
70
80
74
72
70
62
66
66
72
62
64
74
56
78
76
74
78
66
70
64
64
78
70
72
68
72
64
66
70
56
80
62
70
74
58
66
70
72
70
56
60
58
64
66
64
72
70
70
58
58
64
78
66
66
66
66
66
74
72
52
64
68
64
62
78
64
52
54
66
64
66
70
66
68
62
70
66
66
70
64
76
74
66
62
66
62
70
62
62
76
68
62
64
70
62
54
62
80
66
66
70
70
66
72
82
72
68
62
62
50
66
60
66
66
62
66
72
70
68
84
66
68
78
62
60
62
74
64
78
56
66
62
52
70
58
58
60
68
70
64
80
74
68
56
62
58
68
68
74
82
62
56
62
70
60
70
70
62
74
66
66
58
68
70
68
62
74
76
66
68
58
66
66
80
76
70
56
62
68
48
62
74
66
74
80
70
70
68
70
68
64
72
68
66
66
58
74
62
64
58
80
66
60
60
56
80
62
68
70
74
80
58
64
62
68
68
64
66
60
62
70
66
80
66
62
62
54
80
60
74
70
62
70
70
68
60
74
70
82
68
58
80
54
64
70
54
62
66
68
72
66
70
62
58
66
66
54
60
62
78
64
62
70
70
72
72
60
66
64
68
70
68
54
62
68
66
60
56
64
58
56
76
66
70
64
82
72
78
64
66
62
66
60
66
62
72
64
62
56
66
76
64
70
60
68
68
70
58
58
76
62
70
60
72
64
66
62
66
60
74
64
82
58
74
64
56
64
50
64
76
70
60
66
70
60
64
70
72
56
62
64
64
64
70
78
68
60
62
68
72
70
60
78
66
62
70
64
66
68
58
62
66
66
74
70
68
68
68
74
62
72
70
66
72
62
62
72
68
66
68
70
60
67
64
72
72
73
60
60
82
68
66
72
62
64
74
66
64
72
74
58
62
62
82
62
64
62
66
64
70
65
58
72
60
68
62
60
62
65
64
64
58
70
64
58
68
60
76
76
66
58
56
56
64
74
68
82
74
66
68
64
80
70
78
64
68
60
54
70
72
64
60
58
66
68
62
66
80
56
76
72
70
68
76
78
66
64
60
66
70
64
74
62
66
60
68
68
62
72
68
68
60
64
74
74
66
64
66
64
62
64
72
62
76
62
82
76
64
68
63
62
70
74
56
72
66
58
76
74
50
62
62
64
64
66
72
72
68
70
66
68
66
56
80
68
68
70
66
