14
-8
-2
-8
-2
2
-18
-6
0
-2
2
-8
-6
-16
-6
2
-10
4
6
14
-4
-10
-2
2
0
2
16
2
-8
10
-6
-26
-6
6
8
-16
2
-8
4
10
2
-2
-8
-4
10
22
-4
-4
-16
0
-4
8
-6
-2
-2
0
-10
-2
-12
-14
-24
22
12
10
4
-2
2
0
-10
-2
0
14
10
4
0
0
-12
-6
-14
-4
4
-8
-6
-12
-2
-22
2
4
-16
-8
-2
-4
16
-12
-6
0
6
-10
-20
-6
-6
8
2
-22
0
-10
-8
12
-14
-4
-6
-6
24
-8
8
-8
6
6
-16
-6
-8
-4
0
-12
-4
-4
-6
-16
-4
-2
8
-2
-2
2
8
-4
6
0
-8
-2
-4
-22
-2
14
6
10
-10
10
-4
-2
-18
0
-4
0
-10
-20
-18
0
0
-20
-16
-8
-4
-6
-28
0
0
-8
12
4
-8
4
8
16
-14
-22
6
-14
-8
0
-8
-8
-8
-14
-4
-16
-4
-8
2
6
2
8
0
-4
6
-4
-8
-4
-14
-2
2
0
-16
-4
-4
8
-8
8
2
-6
14
-12
14
-4
-14
-4
-8
8
6
0
-12
-18
8
-6
6
-6
-6
-8
-4
18
-12
-10
-6
-22
-2
14
-4
-8
-8
2
14
8
-8
-14
0
0
18
-10
-12
0
-6
-6
-12
-6
-6
0
-14
-2
-8
-2
10
6
0
-10
-20
-10
-18
-2
8
4
-8
0
-12
-2
0
-14
-4
14
-6
-4
-4
2
10
6
6
0
4
-8
2
-20
-2
-14
-10
-6
-10
12
-10
4
0
-8
-2
-2
22
12
-18
-6
-4
-10
0
-10
6
2
-16
-6
-10
-14
8
-18
-10
6
-2
-10
4
8
0
-8
16
2
-4
-6
-4
6
-6
-2
-8
6
-4
2
14
2
0
-4
0
14
18
-8
6
-4
-12
6
-20
8
2
12
4
-8
-10
8
-6
6
4
2
-8
-14
-8
6
0
2
-10
2
-6
8
4
-20
0
12
-6
8
-16
4
-14
0
-12
0
-14
-6
6
-2
-12
-12
-10
-10
-4
8
-6
12
4
2
22
26
12
-2
2
-2
4
-2
10
0
-12
6
0
-28
4
-6
8
-2
-6
18
-12
10
10
-8
-16
-6
-2
-6
6
12
16
-26
-2
4
4
10
-4
6
4
8
10
4
14
-10
2
-2
6
-4
8
4
2
-10
-14
-2
-20
-12
-10
6
-16
-14
-20
0
4
18
2
-2
-16
2
-4
-4
-16
-12
0
-10
-2
4
-4
18
6
-2
-28
-8
-2
-10
-4
10
-14
14
6
-24
16
-18
-12
-10
-6
-6
-2
14
2
4
0
-8
-12
-22
-10
0
14
-8
8
-20
-6
-2
-12
2
-2
2
-6
-10
4
4
-4
2
18
-2
2
-4
-2
-2
8
-8
-6
-2
-16
-22
4
2
4
12
-6
-2
0
-18
4
-2
-22
-12
-20
2
2
0
-2
-10
-14
8
-6
2
8
10
-6
2
8
4
10
-4
0
2
8
-2
14
-24
8
16
10
4
-4
-8
-4
-2
-6
4
0
-18
2
-8
0
-10
-12
-16
0
14
2
-4
-4
-6
-8
-8
-14
10
4
-4
-4
-20
-8
0
-4
14
0
-2
-14
14
-14
-8
4
-10
8
-14
8
0
14
-12
-14
-8
-16
0
10
-6
4
10
-12
-14
-12
2
0
0
-4
0
24
4
10
-6
-14
4
2
-4
-2
2
8
-10
6
0
4
-6
-10
-2
0
26
-14
8
-8
-16
-2
0
6
4
-12
-2
12
0
6
0
34
0
-2
8
8
-2
-28
8
0
-12
10
-6
-8
4
-8
-14
2
-8
-6
-6
-6
2
4
-2
-14
2
-8
-12
0
-10
-12
0
-10
-8
-2
4
-12
-20
-18
-2
-8
0
-20
-2
14
16
-4
10
2
-6
8
4
6
2
6
18
-2
0
2
4
-6
-14
-16
0
6
6
-6
-6
-10
-2
6
-2
4
0
-6
14
-10
-20
6
-6
-8
-4
-8
-22
2
2
10
-8
14
-2
20
4
-4
12
-12
-8
-10
-2
-4
-6
-6
-8
-18
4
10
12
4
-12
8
8
-8
-16
-4
4
2
2
-10
8
8
0
-6
-18
2
-2
4
-8
-6
2
-12
4
4
-2
6
10
-6
-6
6
4
4
-8
-2
4
0
-8
-4
-16
4
8
-10
-12
-2
-8
0
0
-18
-8
4
-4
-6
-8
-8
-14
12
0
-8
6
-2
2
12
-2
-8
-12
-2
0
-12
18
12
-14
-8
16
8
-6
-10
-16
2
-14
14
10
22
-2
-6
-18
-8
-14
-4
0
2
-6
-4
4
4
-1
-6
4
-24
12
-4
-24
-6
-10
20
0
14
-8
-22
-12
8
-6
2
2
-2
8
4
4
8
0
-24
-14
-4
-8
-12
22
4
-4
-26
-4
-4
0
2
-14
14
0
2
4
18
2
2
-4
-10
14
10
-12
2
-8
-4
-18
-12
0
-20
4
-2
-22
-12
6
-6
2
-4
2
14
0
6
0
4
8
6
-18
10
6
6
8
4
-18
6
-4
-20
-10
-4
12
2
-18
-8
-18
-8
6
-10
-2
-16
-20
8
-26
10
10
8
-6
12
0
0
2
16
14
-2
0
4
0
4
-20
-4
-10
-8
-12
-2
-2
10
0
0
-8
-12
-16
2
0
6
-12
