-8
8
-8
-6
-10
10
-8
-4
-20
-10
10
-14
8
-2
4
-2
6
-8
2
8
20
-10
-12
0
2
2
8
-8
4
2
2
0
16
-2
4
-6
-10
4
4
-8
-2
-10
-6
12
8
-2
-4
10
10
-6
2
-10
-8
2
-6
14
4
-6
12
6
0
-2
6
-2
-14
-4
8
-2
12
4
14
6
-4
12
-2
2
-8
-4
0
-4
2
0
-12
2
10
-4
20
10
-8
-6
0
0
-2
-8
4
18
6
8
6
6
-2
-12
18
-8
8
-6
6
2
18
-4
-14
-12
0
6
-6
6
-6
-8
-18
-18
24
-8
-12
4
4
14
-4
-14
6
0
4
-6
8
-4
4
-4
2
2
24
-8
8
-8
-4
2
4
-12
8
-4
-12
4
0
12
-2
10
10
0
0
4
4
8
0
-4
12
8
2
4
10
4
12
-14
4
14
-14
14
6
-2
-4
-8
-6
2
0
0
6
-14
-14
-16
0
-6
6
4
-2
-6
0
18
2
4
2
4
2
-20
-16
-8
2
14
10
6
8
-18
0
12
10
-10
-2
2
10
-12
6
2
-6
-2
-10
10
2
4
2
8
2
-10
6
2
-2
12
14
-2
2
-2
-10
14
6
-6
0
0
2
16
-22
-12
12
-8
4
-10
8
-6
18
-6
-6
-6
6
-4
-24
-8
-8
6
18
-2
6
2
4
-18
14
10
-6
4
6
10
6
0
2
-2
2
4
6
-2
-12
-12
12
-8
-2
14
4
-8
10
24
12
-4
-16
-10
12
0
10
2
2
-2
2
-6
4
-12
18
18
16
-8
-12
-24
-16
-6
4
-4
-6
2
4
20
4
0
-2
2
10
10
-12
10
0
-6
-14
-4
16
12
8
-10
-8
-8
-4
-8
8
6
-18
-4
-8
-8
0
12
10
-2
-4
0
-4
-12
-18
4
-2
-12
-6
-4
12
14
6
-4
4
4
4
-6
14
2
10
-4
-2
-16
0
12
-6
12
-4
0
-6
-2
-12
-4
12
6
0
-2
4
10
4
0
8
2
8
-14
14
6
18
10
2
4
2
-10
12
-18
-12
10
16
8
12
6
8
2
0
-6
12
18
14
2
10
-8
-4
10
14
-8
-8
6
10
0
-4
-4
4
-8
0
-4
-14
0
8
-14
-4
-12
-8
6
-2
0
2
8
10
18
6
6
0
18
2
-8
-6
20
6
-2
2
-2
-14
2
-18
-2
12
12
4
-4
-2
-2
8
-8
16
10
-4
12
6
4
4
4
12
-14
10
-22
4
-6
4
-12
-12
6
-16
4
-4
4
-18
-8
-12
10
6
-18
0
14
-8
-16
-4
12
4
2
6
-6
2
8
-12
0
0
18
-6
6
-4
-2
-10
-8
-2
4
0
0
8
-4
18
4
-4
8
-4
-6
-4
-12
14
8
-4
4
-2
-16
-12
4
-4
-6
2
8
-8
2
6
-2
-8
-2
-14
12
-8
-8
16
-2
-10
0
8
12
-16
-4
12
-6
6
-20
10
-6
-20
2
8
18
-2
10
-4
0
-2
2
-4
8
6
16
6
-20
-10
18
10
-6
-10
-8
8
-4
0
-6
2
0
-6
-10
-12
-14
-2
14
-4
-12
-6
-6
14
-14
-26
-10
6
-10
-8
6
10
8
10
0
-10
-4
4
0
-10
-8
-2
10
10
0
-14
8
2
-8
-12
0
2
10
-2
-10
-8
0
4
2
-10
24
-6
0
12
10
-2
4
4
-2
2
4
-12
-8
10
10
10
0
0
-12
-6
-16
-20
4
-2
0
-2
-2
8
-2
-8
4
-4
0
-12
0
-28
4
10
-4
-2
-12
-2
-6
-2
-4
8
-30
12
-4
-12
20
6
10
-4
12
-2
-4
-2
-18
2
20
-2
2
-10
-4
24
-4
12
-20
0
22
-6
-6
-14
-2
14
10
-20
4
8
2
10
6
-14
6
-12
-8
2
-6
-4
6
-4
2
-2
8
-10
-2
-4
0
4
-2
-4
6
-8
6
6
-8
20
-6
-8
6
-6
-6
-2
0
0
14
-8
8
-12
14
6
-8
-6
4
2
-16
18
-2
20
2
8
-4
6
-16
14
-6
-6
-6
0
6
4
-2
18
-2
4
-2
-14
10
4
0
-2
10
2
12
-2
6
26
12
2
16
4
32
-10
-6
0
4
2
2
10
16
2
-16
22
-16
-10
6
0
2
0
0
0
4
0
0
6
-4
0
6
12
12
-14
6
-8
0
-14
6
0
8
6
4
-2
2
2
0
-16
-8
0
-8
20
22
16
16
4
6
0
-2
2
0
-10
22
-12
2
6
-10
-2
2
8
4
8
10
4
-8
14
-2
14
4
-4
10
14
16
-2
-4
4
-8
-2
-10
4
-6
-2
-4
0
-4
-10
2
-16
14
-4
0
16
16
10
-10
18
4
-10
-28
-14
-2
2
10
2
6
-16
-12
-6
0
4
-16
-4
-16
12
36
-10
2
-2
-4
-2
-8
-8
-6
0
20
10
10
4
10
-8
-14
12
4
16
4
-22
8
-6
-16
10
-2
0
8
2
-6
0
-4
6
0
8
-2
-2
2
-4
-8
-22
-14
-6
-8
8
10
10
2
18
14
-26
-6
-4
0
-12
-2
12
-4
6
-2
6
6
14
-2
24
-18
22
4
