1154
1486
1220
1245
1232
1318
1376
1301
1339
1297
1323
1208
1305
1220
1192
1269
1276
1352
1246
1313
1346
1435
1210
1299
1344
1228
1245
1350
1326
1345
1248
1332
1258
1331
1149
1298
1206
1316
1320
1285
1336
1322
1346
1267
1338
1322
1252
1304
1244
1204
1293
1361
1273
1320
1347
1353
1137
1321
1283
1227
1251
1296
1253
1292
1258
1416
1234
1328
1434
1331
1242
1368
1180
1366
1312
1259
1373
1370
1310
1311
1231
1182
1372
1215
1347
1196
1238
1295
1155
1295
1334
1341
1242
1317
1336
1226
1296
1343
1219
1207
1237
1321
1259
1140
1276
1200
1304
1333
1181
1229
1255
1383
1304
1227
1254
1208
1191
1277
1301
1190
1299
1187
1318
1269
1248
1229
1298
1211
1223
1239
1319
1332
1385
1269
1224
1368
1321
1267
1320
1309
1337
1213
1342
1278
1407
1269
1355
1223
1216
1268
1273
1249
1323
1198
1277
1278
1267
1267
1301
1271
1219
1266
1288
1240
1310
1365
1328
1286
1263
1365
1355
1304
1237
1301
1196
1342
1367
1263
1246
1304
1296
1273
1290
1327
1277
1257
1290
1320
1329
1257
1219
1278
1218
1319
1293
1299
1396
1133
1292
1302
1307
1285
1193
1245
1345
1196
1199
1338
1184
1382
1214
1252
1341
1272
1319
1215
1269
1314
1198
1400
1081
1266
1258
1298
1225
1315
1416
1300
1287
1289
1219
1277
1252
1328
1257
1388
1282
1252
1345
1196
1247
1283
1303
1286
1326
1306
1271
1134
1137
1167
1275
1197
1390
1211
1316
1257
1226
1316
1258
1402
1225
1305
1166
1152
1337
1234
1218
1232
1240
1329
1251
1176
1279
1231
1270
1244
1341
1316
1273
1292
1172
1276
1309
1337
1283
1242
1234
1316
1342
1269
1291
1267
1326
1347
1305
1310
1228
1246
1295
1275
1261
1300
1289
1273
1232
1361
1273
1265
1241
1248
1267
1328
1282
1308
1285
1247
1250
1240
1319
1455
1227
1253
1274
1234
1194
1283
1402
1319
1263
1223
1327
1257
1236
1263
1248
1185
1395
1302
1202
1223
1277
1298
1117
1273
1388
1213
1261
1280
1227
1250
1190
1265
1223
1273
1331
1246
1357
1284
1196
1249
1263
1253
1426
1220
1285
1228
1301
1292
1284
1203
1342
1309
1191
1317
1360
1253
1236
1209
1252
1301
1320
1325
1175
1302
1263
1310
1287
1379
1214
1245
1189
1278
1298
1234
1372
1211
1322
1236
1269
1310
1167
1270
1284
1253
1220
1331
1337
1360
1316
1262
1216
1275
1246
1267
1144
1264
1207
1290
1289
1285
1296
1310
1314
1411
1255
1235
1195
1369
1087
1297
1272
1346
1409
1278
1302
1228
1302
1233
1387
1189
1309
1297
1261
1258
1315
1255
1280
1250
1286
1358
1246
1273
1288
1327
1206
1305
1297
1375
1308
1242
1340
1308
1324
1199
1334
1109
1325
1164
1356
1267
1250
1251
1222
1334
1242
1331
1359
1358
1243
1328
1213
1255
1186
1299
1278
1339
1243
1322
1252
1279
1293
1266
1207
1248
1259
1292
1258
1256
1312
1265
1243
1193
1194
1274
1171
1263
1252
1203
1319
1282
1303
1304
1346
1213
1309
1210
1265
1267
1388
1330
1275
1268
1291
1220
1213
1287
1347
1257
1313
1269
1224
1266
1338
1272
1288
1412
1306
1239
1307
1305
1318
1223
1347
1214
1328
1275
1261
1285
1210
1252
1324
1249
1310
1353
1292
1300
1313
1161
1280
1274
1258
1275
1292
1292
1240
1221
1274
1264
1226
1165
1253
1181
1263
1239
1142
1285
1238
1166
1225
1410
1245
1254
1276
1326
1271
1446
1268
1226
1270
1438
1206
1364
1159
1252
1327
1248
1188
1300
1418
1269
1163
1244
1288
1299
1297
1322
1274
1213
1370
1252
1281
1275
1259
1312
1244
1223
1238
1200
1269
1234
1242
1199
1230
1316
1277
1333
1367
1313
1235
1346
1368
1334
1305
1201
1277
1312
1414
1214
1347
1234
1162
1375
1258
1209
1237
1151
1283
1312
1305
1214
1281
1317
1299
1326
1206
1303
1274
1280
1227
1246
1194
1313
1364
1274
1230
1244
1209
1266
1288
1233
1163
1294
1294
1278
1236
1280
1203
1278
1309
1141
1307
1309
1177
1197
1324
1220
1302
1230
1141
1245
1261
1332
1287
1392
1183
1394
1205
1298
1370
1203
1306
1195
1206
1338
1271
1394
1209
1235
1307
1109
1306
1251
1235
1307
1243
1361
1254
1215
1249
1265
1321
1268
1256
1293
1162
1243
1292
1286
1256
1262
1340
1364
1284
1225
1297
1227
1235
1282
1238
1390
1323
1360
1260
1238
1220
1256
1275
1265
1204
1281
1237
1257
1334
1331
1230
1383
1267
1124
1201
1226
1214
1281
1306
1301
1397
1136
1390
1272
1214
1345
1296
1216
1297
1363
1335
1302
1306
1191
1182
1368
1235
1348
1307
1291
1308
1303
1270
1198
1260
1259
1249
1319
1178
1281
1372
1299
1257
1204
1224
1234
1236
1253
1352
1299
1233
1316
1206
1224
1388
1300
1268
1292
1264
1286
1269
1238
1256
1316
1275
1228
1316
1184
1237
1302
1354
1273
1154
1274
1345
1296
1262
1230
1211
1199
1379
1325
1388
1347
1214
1282
1318
1323
1278
1139
1350
1223
1259
1187
1216
1304
1140
1218
1205
1259
1198
1246
1181
1218
1204
1294
1333
1279
1233
1351
1330
1299
1248
1357
1256
1418
1252
1256
1199
1312
1253
1404
1323
1209
1287
1273
1287
1201
1279
1246
1261
1199
1206
1262
1352
1211
1347
1358
1423
1208
1366
1286
1269
1313
1198
1256
1256
1282
1271
1298
1228
1293
1330
1279
1125
1285
1403
1266
1416
1251
1166
1308
1303
1211
1224
1115
1280
1273
1220
1246
1320
1252
1339
1179
1378
1225
1204
1241
1298
1290
1146
1230
1237
1162
1262
1367
1369
1375
1367
1227
1286
1275
1269
1269
1238
1223
1342
1320
1213
1288
1161
1434
1276
1328
1185
1360
1283
1208
1268
1255
1294
1375
1350
1200
1290
1284
1318
1438
1253
1322
1271
1236
1341
1298
1277
1303
1269
1287
1204
1335
1218
1389
1289
1221
1268
1202
1182
1232
1209
1176
1313
1335
1193
1192
1405
1269
