1201
1230
1245
1311
1155
1181
1156
1242
1197
1229
1191
1339
1147
1209
1242
1216
1214
1177
1312
1211
1217
1351
1325
1196
1162
1267
1136
1221
1185
1123
1312
1371
1304
1189
1254
1222
1269
1185
1334
1192
1230
1155
1221
1179
1282
1264
1258
1165
1336
1162
1196
1259
1282
1245
1263
1220
1166
1269
1265
1279
1209
1312
1227
1260
1182
1256
1391
1294
1159
1137
1198
1122
1175
1179
1206
1199
1338
1178
1185
1250
1143
1161
1191
1297
1171
1122
1223
1267
1234
1135
1253
1166
1151
1127
1263
1149
1429
1349
1203
1093
1261
1205
1124
1198
1210
1078
1249
1264
1196
1225
1203
1229
1257
1255
1314
1206
1223
1213
1286
1179
1159
1247
1298
1225
1179
1126
1188
1127
1203
1255
1242
1239
1334
1171
1174
1248
1131
1158
1212
1143
1156
1184
1212
1244
1318
1358
1290
1138
1107
1231
1202
1259
1208
1270
1217
1146
1136
1180
1195
1276
1211
1208
1232
1216
1340
1189
1289
1252
1152
1194
1296
1225
1168
1216
1124
1263
1218
1154
1133
1217
1160
1278
1262
1268
1210
1237
1192
1123
1225
1267
1172
1233
1077
1214
1338
1294
1254
1188
1274
1095
1263
1278
1328
1222
1252
1230
1249
1234
1163
1183
1263
1108
1265
1284
1241
1152
1127
1159
1109
1246
1203
1206
1246
1322
1148
1250
1405
1207
1202
1280
1320
1214
1205
1298
1297
1285
1130
1206
1132
1262
1151
1247
1170
1230
1247
1241
1279
1128
1214
1213
1165
1164
1386
1209
1285
1159
1185
1196
1264
1118
1248
1315
1271
1191
1170
1217
1220
1108
1320
1397
1240
1283
1259
1214
1237
1386
1254
1236
1082
1230
1193
1169
1181
1238
1232
1193
1196
1218
1109
1235
1360
1346
1272
1225
1281
1157
1168
1145
1203
1112
1226
1304
1134
1244
1301
1335
1233
1303
1138
1277
1205
1319
1139
1338
1250
1215
1185
1251
1112
1235
1213
1186
1177
1248
1243
1270
1293
1264
1211
1203
1253
1262
1188
1198
1222
1147
1287
1386
1263
1200
1297
1220
1087
1119
1143
1212
1205
1316
1280
1312
1207
1170
1163
1146
1240
1203
1243
1222
1170
1238
1290
1238
1244
1213
1210
1197
1273
1261
1241
1228
1348
1216
1203
1360
1213
1225
1228
1302
1117
1112
1230
1266
1143
1340
1195
1172
1199
1250
1195
1252
1222
1248
1324
1231
1302
1206
1235
1262
1178
1218
1103
1186
1271
1216
1217
1168
1304
1191
1247
1156
1102
1286
1254
1257
1148
1173
1159
1239
1283
1227
1131
1109
1268
1320
1318
1159
1164
1386
1104
1225
1423
1323
1106
1221
1280
1216
1157
1312
1276
1244
1234
1178
1123
1164
1288
1368
1240
1300
1233
1207
1251
1253
1186
1349
1167
1241
1256
1272
1294
1216
1266
1188
1261
1135
1272
1098
1214
1058
1254
1236
1279
1205
1179
1268
1294
1235
1246
1257
1130
1187
1274
1273
1228
1267
1202
1203
1248
1236
1276
1122
1220
1196
1321
1242
1218
1239
1229
1273
1201
1184
1229
1233
1244
1280
1191
1183
1095
1147
1228
1249
1206
1203
1332
1208
1180
1212
1220
1194
1302
1276
1251
1238
1218
1147
1294
1216
1280
1288
1223
1169
1205
1169
1213
1291
1316
1231
1160
1102
1258
1207
1133
1201
1217
1186
1190
1215
1213
1212
1183
1230
1194
1154
1243
1189
1259
1186
1293
1242
1231
1240
1191
1283
1136
1338
1147
1094
1283
1133
1269
1133
1216
1215
1271
1327
1132
1259
1278
1154
1112
1240
1238
1173
1183
1209
1198
1249
1089
1198
1193
1276
1218
1336
1242
1252
1309
1144
1203
1235
1222
1173
1204
1162
1191
1273
1259
1179
1132
1250
1227
1206
1213
1233
1268
1186
1251
1238
1149
1165
1353
1272
1134
1257
1222
1207
1273
1220
1241
1165
1202
1261
1318
1256
1192
1175
1153
1250
1260
1214
1124
1169
1127
1129
1304
1145
1335
1244
1179
1068
1160
1188
1130
1181
1232
1170
1280
1237
1199
1162
1242
1132
1204
1219
1387
1147
1180
1230
1219
1080
1263
1266
1146
1171
1251
1147
1196
1207
1230
1209
1246
1307
1167
1249
1166
1183
1159
1160
1281
1100
1134
1369
1191
1183
1330
1239
1352
1211
1253
1261
1310
1198
1303
1248
1208
1324
1181
1203
1112
1182
1271
1236
1306
1264
1192
1252
1174
1272
1249
1119
1180
1291
1280
1234
1292
1167
1315
1388
1189
1179
1218
1159
1308
1216
1251
1207
1254
1251
1223
1273
1312
1221
1161
1258
1227
1117
1168
1188
1116
1191
1117
1293
1243
1199
1172
1211
1161
1288
1212
1179
1164
1179
1188
1151
1286
1228
1203
1095
1290
1356
1119
1188
1197
1261
1280
1225
1198
1202
1223
1211
1110
1322
1248
1114
1236
1214
1110
1115
1200
1162
1151
1208
1214
1197
1268
1190
1255
1270
1270
1191
1197
1310
1097
1442
1253
1233
1213
1216
1233
1147
1178
1329
1222
1257
1161
1229
1231
1305
1222
1186
1193
1242
1223
1132
1287
1221
1196
1297
1194
1267
1237
1066
1130
1212
1205
1155
1235
1253
1220
1352
1167
1229
1255
1161
1169
1263
1185
1137
1138
1254
1136
1195
1220
1206
1248
1211
1189
1117
1258
1183
1202
1186
1262
1265
1150
1233
1109
1190
1236
1225
1217
1228
1258
1195
1176
1293
1257
1205
1279
1150
1257
1188
1189
1202
1245
1177
1337
1182
1184
1284
1231
1212
1252
1095
1265
1147
1288
1275
1292
1227
1176
1227
1166
1189
1271
1312
1164
1251
1335
1272
1125
1248
1361
1290
1156
1248
1229
1266
1292
1172
1249
1213
1330
1214
1253
1201
1205
1244
1291
1217
1208
1196
1156
1243
1265
1165
1102
1241
1220
1236
1201
1215
1330
1141
1146
1143
1208
1350
1280
1268
1134
1116
1315
1280
1281
1236
1175
1344
1273
1132
1257
1165
1053
1155
1170
1253
1276
1214
1291
1184
1183
1171
1210
1244
1235
1156
1318
1236
1068
1314
1264
1220
1154
1168
1169
1204
1266
1210
1228
1221
1193
1217
1168
1102
1318
1140
1224
1204
1269
1243
1199
1141
