1038
1064
1018
1028
1113
1102
1123
1001
1074
1073
1018
1049
1025
1020
1031
992
1038
978
1130
1053
988
1000
1034
1051
1079
937
992
1129
1011
1070
1029
1008
885
1108
1139
1230
1033
1100
1061
1045
1141
1018
1061
1061
1064
1119
983
1065
984
1013
923
1046
1127
1103
1012
923
1008
1102
960
960
1091
1120
990
1074
946
1134
1036
958
1131
969
1075
1078
1055
998
1026
1165
982
987
1060
1049
958
974
1012
1000
992
1147
1003
909
1034
958
985
980
1132
948
952
1010
1145
1077
1038
1018
1004
1035
1030
964
1094
1105
1020
1067
1015
1085
1112
1035
1111
1036
955
1011
989
984
1090
1122
972
1049
1098
1116
1050
903
1092
1114
1059
1001
1055
1025
1074
1077
1064
1173
1028
1021
1082
936
972
956
1145
1057
1059
999
1081
1081
932
1044
1011
1066
972
1100
976
1091
1005
1122
988
1022
1006
1110
939
1075
971
923
1110
1023
1071
1093
1036
1004
1081
1154
1043
1087
1078
1066
997
1005
1009
1074
1075
1108
1056
1071
1104
1136
1062
997
987
1028
1060
984
1098
979
1042
935
977
1017
1115
1103
1015
1103
1030
980
1012
957
1034
1115
1019
1014
1082
1136
1016
1038
1083
1077
1013
959
1057
972
971
1019
1062
1220
1038
1066
1015
1015
1050
1038
1070
1084
1124
979
969
961
1032
1020
1033
1054
1070
967
1177
1125
1184
1089
1058
1075
1015
1055
1047
1108
1099
1074
1074
1026
940
1077
1067
1025
1019
1064
966
1176
1066
940
1061
1049
1126
1069
1088
1006
1096
1030
1014
1067
1072
945
1046
1081
1094
1042
1044
1011
1071
1048
1077
1156
1104
1037
1047
952
1036
1015
1026
1053
990
885
1064
1050
1065
1017
990
1078
976
1074
989
1084
1073
1095
1091
1044
1000
913
1004
961
1033
1020
1074
1164
1117
1032
977
1082
1061
1049
1170
1104
1096
1044
1061
1013
981
1026
1067
1084
1004
1027
1087
1019
1110
1012
1091
1001
1027
1079
1075
1017
964
1038
1020
963
1095
1123
1130
911
982
988
1110
986
1065
1125
1045
966
1009
982
1081
1013
947
1028
1020
1018
969
986
935
935
1001
1099
1115
1103
1076
1067
1039
1064
1087
1065
1067
1079
1099
1043
1106
1076
1093
1125
1064
943
1122
1002
1045
1000
991
1067
990
1048
1046
1092
1037
977
1038
929
1090
966
1128
935
1122
1041
969
1030
1028
910
1194
998
1111
1012
1046
1096
940
1045
1041
1034
975
1077
1068
890
1101
1056
948
1068
1061
1092
1015
1035
970
977
1006
1051
1083
886
990
1069
1020
1135
1048
955
990
1013
1084
1125
1036
1079
1092
1119
1093
1176
976
1043
964
1121
979
1046
1085
941
1125
976
1017
1102
1070
933
1017
1049
1011
1047
1157
981
966
1071
992
1070
1023
1135
1046
1135
1127
1139
1120
1030
1063
1014
1017
936
972
1056
1044
1146
1035
1020
1060
1065
1053
1021
997
1021
1097
1057
1022
1061
1038
1112
1002
956
970
896
1058
1016
1046
1053
1038
1034
1006
972
1081
980
1082
1050
984
1087
1134
1059
1055
1032
1088
1145
1026
1008
1052
1076
1023
885
1057
1008
1121
1051
1013
1019
999
1094
1079
1076
1061
1123
1087
1060
1128
1019
1169
1078
986
1035
1021
1122
1047
1001
1007
988
1093
1097
1075
1058
933
1115
1104
946
982
987
977
990
1020
1038
1113
1087
1054
948
972
1087
1001
1083
1021
1226
956
975
994
1144
1081
997
1055
1067
1018
1037
1006
968
993
973
1087
1072
1070
1104
940
1049
1010
979
951
1041
1034
997
1035
1058
1016
910
966
922
933
1013
1075
933
1023
1040
1137
998
959
1008
1087
1088
1055
1006
1157
989
938
1075
1030
1066
1051
964
995
1096
1094
1259
1062
934
1025
1004
1070
1161
979
1033
975
976
1081
1111
1075
979
1005
1037
1104
986
1018
1039
981
990
1025
972
1036
999
1030
1009
1089
1128
1122
920
949
970
1038
1060
1077
1037
959
1003
956
985
1104
1050
941
1066
1059
968
1046
1022
1078
1070
1068
965
1046
1030
1080
1036
1052
1081
1067
1139
1121
1090
979
1070
1073
1063
1147
1043
1043
1018
1063
982
1078
1122
1034
875
1099
1066
1054
1002
1043
1000
1155
990
972
1100
957
1125
1129
1099
1091
962
996
1050
1000
932
1001
1038
981
1022
972
1051
964
1068
983
1036
1119
1025
1104
1093
1068
1085
1107
1093
1061
1027
1020
1054
963
922
940
1132
1064
926
1078
1127
1175
1009
1115
1018
1051
1034
1010
1038
1151
1050
1087
1041
1070
1121
999
950
934
1082
1133
987
1174
1110
1015
1081
996
1162
1050
981
1032
1000
1087
1055
1035
1036
873
1019
1084
1094
1123
1029
1041
1143
965
1082
1119
1096
966
969
883
1066
1000
1085
1039
1041
986
925
1124
1060
1143
1043
1119
1004
927
954
1077
950
1036
1070
1081
1028
1036
1147
1024
1010
1076
1079
1060
1036
951
1093
1097
1028
1049
917
1097
1137
1020
1099
1005
1175
911
1097
1005
1052
1098
1020
1002
1075
1040
1093
980
1131
1170
1131
937
1019
1060
1113
1040
1094
968
998
1002
972
1121
939
1118
1109
1025
1040
1010
1012
988
1017
1057
1044
1008
1015
963
1049
993
1041
1046
1018
1009
1040
1112
983
1025
1136
1053
1023
1036
1037
999
1109
1102
1108
1053
1186
1081
992
1110
1023
1047
1051
986
981
1020
1100
1020
1086
1049
1172
1049
970
1028
969
1047
1000
1088
998
1023
1123
1038
1044
1062
1005
1016
1007
936
1132
990
1091
1087
964
1092
1176
1158
990
978
1026
989
1036
1077
1025
1037
991
973
839
1072
1152
1033
992
1146
1133
1084
1076
987
1083
1056
1043
960
958
1056
963
1079
978
1009
1096
987
1018
1034
1002
1076
880
1029
925
1052
1074
1115
1112
1062
1042
800
1045
958
1027
1061
1005
1058
1044
1010
1033
1040
1047
935
1082
1074
1000
951
1032
1088
1091
1084
1068
996
995
922
1069
1059
1015
905
1001
1014
1087
1032
1080
1137
918
1028
1034
982
1023
1073
969
1111
992
1081
1014
1065
1058
1000
1029
982
1157
1056
936
987
1027
1024
1071
1066
985
953
1152
962
1022
1023
988
1083
1069
961
1095
1152
1087
1014
1105
1079
1073
1047
1067
1084
1082
944
1092
1041
1128
1095
1047
995
920
1005
1079
1024
1056
1081
1172
1013
1149
1052
1056
1015
900
1088
1070
945
1047
1012
999
1033
1025
947
1128
1015
1104
930
1108
1003
1189
1183
1017
1030
1040
1036
911
1108
1033
984
969
938
1038
970
989
1050
1053
1003
854
967
1025
1012
1034
941
958
1115
1019
1139
1041
1041
932
1120
976
1067
981
980
1198
1049
1009
1020
1005
1037
1003
1020
1000
1068
1018
1011
1004
1058
1101
1106
1145
1050
1089
1153
1104
997
1043
1037
958
1059
1102
996
1078
972
1051
1054
1096
1052
1032
1013
1138
1059
1066
1045
1021
1003
1116
1068
1086
928
999
1094
1011
1179
1098
997
985
972
1035
1076
1004
1008
1087
1100
957
967
940
1019
1162
1088
1041
1081
931
1040
1004
917
1024
1194
1063
1100
990
1071
1012
1041
916
1018
1197
1002
1076
953
1015
1088
1115
1028
1044
1064
1044
1110
999
1069
953
1038
1007
985
1050
1061
1039
1029
992
1055
1061
1021
1040
1099
988
989
1049
980
981
1072
954
1057
1178
1046
1160
1083
1096
901
950
928
1109
1039
979
1075
1043
965
1084
1016
1019
1050
983
1027
1047
971
1018
1024
1031
1002
959
1036
950
910
1108
1015
953
1086
1028
1047
972
1045
945
965
1123
1096
1209
1054
1089
924
1053
1022
1011
1047
1061
934
1082
1040
1089
1048
977
1073
1094
1071
1066
1008
1132
1020
1067
1008
1029
1090
1085
1022
1107
1039
1039
1017
1045
1008
1008
1099
999
1008
984
1123
1020
1037
999
961
924
1049
925
1021
1035
1059
1074
1025
1027
957
1032
1029
1089
1029
1109
1127
936
987
1103
1207
1054
1076
958
997
1050
981
1005
1045
1018
1132
1067
1009
1098
945
1037
1074
1018
1074
1065
957
1081
1092
1031
1018
1047
1061
1070
1064
975
1079
1000
1050
974
962
1099
1035
1136
1076
936
1077
1040
1035
1025
1044
1071
1028
1073
1031
1168
1027
990
1091
1038
1013
1052
885
1053
1123
1015
1087
1019
957
1117
1054
980
1051
1159
1019
904
1046
1149
974
1048
1036
1043
1101
1083
980
1028
975
955
1022
1009
1074
1011
1077
1041
1031
1046
1049
1111
1136
1028
1003
1064
1170
1010
1109
1056
1000
956
1032
923
1108
1057
1058
973
1059
1026
1005
1026
1154
991
1074
1121
1017
1039
1096
995
1149
1073
1083
1110
973
1032
1096
988
1063
980
1065
1104
920
1029
1055
1184
1054
971
1138
1089
929
1084
872
1023
1091
1099
1005
1130
1043
975
960
1040
1023
980
979
1065
1035
844
1137
1056
1045
982
940
1010
1042
993
1071
1066
975
1090
1037
1043
983
927
1091
1092
1000
1133
1083
968
1116
947
1057
1057
1106
952
1083
1108
961
1043
1032
932
971
1048
991
1036
1060
1108
970
1049
1016
1025
1090
1070
1056
985
917
963
1063
961
1043
1103
989
969
1046
1049
1022
1020
1120
1155
1024
1111
1079
1076
1034
1011
1045
1025
1000
1003
1140
981
1078
1044
1082
1059
965
1088
1125
1051
1001
1019
1052
886
1071
1090
996
1112
1003
917
921
1125
1146
1024
1088
1141
1030
1078
1031
1089
1023
1071
1186
940
1066
1108
930
964
1011
1129
1053
1001
1108
1027
965
1130
1006
1070
1112
955
1165
969
1017
1117
1017
1083
1076
1023
1097
1004
1053
990
995
1112
1030
977
1086
973
934
1025
1111
1030
1154
1046
1114
1007
1036
988
1076
1104
1055
1058
1076
1035
978
1013
1090
1044
984
1066
1080
980
1024
953
1069
1118
1028
1077
1117
1024
1068
1017
1038
1056
1035
1075
1027
949
1125
1016
932
1024
1008
978
1127
958
1015
1007
967
1022
1089
1037
1043
1033
965
1070
1118
1047
962
994
986
1148
997
1032
1077
1125
1048
1109
986
1128
1091
966
1102
1022
928
1036
1000
1071
1017
979
962
1095
1076
1033
999
1134
992
972
1008
991
1032
1048
1007
1202
956
1045
1093
1070
1105
1143
956
1102
918
1040
1030
1079
934
1140
1028
1087
1034
1171
1202
1037
1008
1096
1056
1089
1005
1051
960
1009
976
1059
1019
1098
1079
1114
987
971
987
966
1176
1089
1072
1086
983
972
1115
1117
1073
994
1077
1150
1070
964
986
1100
972
1052
1076
1127
1017
1011
1091
1073
1040
1123
1034
1055
1105
1088
991
1036
1037
1098
992
992
975
1034
969
1009
1041
949
1069
1076
1017
983
1045
1044
1041
1044
951
1207
1088
1111
1087
1008
988
960
1057
1049
969
1017
954
948
1003
1083
1027
1066
981
1078
1047
1012
1130
1076
1114
1008
1041
1021
1061
1173
1104
1103
1096
967
1059
1138
1016
1080
1117
974
1027
1064
996
1045
944
938
1003
1127
1152
1073
972
1047
1013
1012
1117
992
984
1064
1048
1197
1091
969
1088
1068
1084
1030
1032
1045
970
1019
1025
1024
982
1040
1022
1106
1102
1058
1017
975
966
960
882
1049
1063
1054
919
970
1026
1207
1026
977
1049
1045
1034
1003
1119
1083
1075
1061
1033
951
1077
1100
998
1108
1025
1072
989
945
1039
991
1044
931
1160
1144
1070
1022
1150
1124
977
1058
1016
941
1052
967
1133
1009
946
1089
981
1107
988
1048
996
1003
1123
880
927
1064
999
993
1051
1026
1072
1144
1013
1150
1099
1004
1007
1095
1148
1005
1150
1037
1086
1048
1060
1072
1050
1090
1150
1067
997
1037
1014
1027
1074
1088
1096
965
994
969
1030
1017
936
989
1011
964
1094
1002
1029
1070
1065
1043
1017
1075
1088
969
1002
1033
1039
995
960
1067
1102
916
1028
1049
1065
1024
1074
1134
1137
910
955
994
1068
969
1071
1140
1039
1153
1021
1078
1092
1062
1157
970
1035
1054
1025
1041
1031
1111
1061
1000
985
1081
1209
1006
1021
1033
938
967
1020
1076
1096
1026
1062
1046
985
1038
1017
1174
1083
1043
1049
1029
1013
999
1054
1096
1020
1045
1062
1073
1096
989
1022
1119
1109
1022
1034
1107
988
924
1045
979
1037
1060
1007
1155
1006
982
1044
1182
1064
1100
1042
938
1061
1029
1140
1132
1064
1016
963
974
1069
987
1118
1045
1046
1028
1053
1074
939
1118
974
1092
1023
1157
1051
948
1043
978
1097
1103
1047
1023
996
1084
949
1059
1150
1046
1010
971
1072
849
1024
1131
1048
965
981
1091
1043
1061
1006
1054
1097
1023
1031
1018
1090
1124
1019
1098
1142
1086
1072
1200
1100
1103
1004
1022
1065
1085
1025
995
995
1049
1052
1112
1073
1002
964
1100
1001
1096
1074
985
1063
1123
1083
970
1079
1072
951
1044
1056
1054
1047
1094
1129
1131
1082
1073
1038
1169
1044
1050
1005
1065
1012
930
1003
1049
1055
1058
1070
897
1057
1005
989
1046
993
1094
1003
899
1040
1077
986
1177
970
958
1022
1108
979
956
1034
1107
1030
1054
1167
1160
1031
1027
1047
1034
895
1017
1002
928
973
911
998
1128
1151
1129
1101
1010
999
980
1045
963
1044
1095
1006
1017
1023
979
983
1065
1033
1105
1104
1000
1128
951
1066
1146
1166
955
1021
1000
1096
1023
1044
1147
940
1087
1197
1074
1077
1065
1106
1132
1039
1071
1056
990
937
1040
1043
947
1069
1122
1043
1242
1023
1042
1049
995
1203
1068
1138
1003
1047
986
965
918
1039
1087
1075
1062
999
1124
1106
1146
1011
1096
927
943
1146
1078
1003
971
938
951
1096
1013
1023
960
1068
1035
1095
1038
1026
1034
1015
965
891
1104
1057
901
1113
997
1024
949
1082
1002
991
1038
1073
1077
1118
1093
950
999
1069
1167
1097
1005
1028
997
1109
962
1091
1016
1014
1057
1065
1005
1140
951
919
1095
1055
1048
1056
1024
1081
1036
1092
1118
1082
1065
993
1039
1090
1085
1139
1093
1058
1055
1054
1112
998
1063
1019
925
954
1117
1092
1056
1025
1136
1002
1101
911
1102
1064
1018
1107
1063
1057
1088
1027
1097
1015
1028
973
1068
1026
995
978
1005
916
1050
1083
949
1057
983
960
1024
1051
1053
1039
1074
978
1052
1019
1007
1059
1046
1081
1096
873
1011
974
1006
1076
1061
1156
1095
1058
1016
1079
1148
1086
1018
1078
1059
1103
1040
1085
1006
921
968
1001
1009
1088
1146
1000
993
1071
1028
1092
1006
1008
995
1001
1091
988
1114
1106
1078
1067
1004
1078
1090
1035
1115
1052
1130
1031
1106
991
1096
1012
967
1114
1127
1006
1131
1067
1077
1135
922
923
1036
1177
1053
1143
975
1059
1151
1006
1039
1092
1029
1126
1021
1006
1086
1080
924
979
1092
1000
983
1074
1013
992
1030
1057
901
930
1002
1053
1046
1039
1028
1084
959
989
1017
1091
992
997
1006
1062
952
996
1106
1082
941
958
1027
1046
1030
1134
1014
982
988
1113
1002
1007
1081
1046
970
1026
1040
908
1072
1045
992
975
1020
1017
1003
1075
1163
1043
1079
881
1035
1012
1009
1090
1052
1011
1009
1099
1077
1027
1146
986
1021
954
976
1041
856
975
1067
947
1111
1025
898
1080
913
1030
1073
1101
1023
985
1021
1172
972
1010
990
1129
1085
1122
1034
1042
1047
1045
1002
1078
989
1043
967
1006
975
987
1052
1132
1096
1069
1013
983
941
1025
979
1069
1112
999
1097
1139
1166
1065
1085
957
1054
1024
1131
960
1122
981
1020
984
1038
1060
970
992
1040
1091
1067
980
1010
1066
1047
1122
1101
1024
1034
1053
1081
1120
1104
1120
1104
1041
1037
1013
1050
976
970
1039
1016
990
958
1070
941
1038
1040
914
927
991
1026
993
1019
1092
1038
1016
1003
1087
985
1087
998
1009
1121
1000
1008
1004
1030
963
1089
969
1061
1065
1046
1103
989
990
970
1075
1065
1007
987
1060
955
971
1088
1094
1033
1004
1160
987
974
1079
989
1007
1021
1052
895
1039
1145
1112
951
956
1034
1108
1116
1079
960
955
1095
988
979
937
1061
991
981
961
1008
1016
982
1048
1150
1131
973
1143
997
1064
993
1051
969
989
1054
1124
1061
1107
950
1028
1090
1093
1049
948
1019
1075
1045
950
1026
959
1033
1056
1039
1005
1061
1052
1044
1083
1125
950
1067
1013
1037
1100
1040
998
990
901
932
1063
973
1000
1098
1051
1007
1026
962
955
967
1026
1049
1107
1055
944
1045
955
1062
986
1098
1060
1020
1078
970
1024
956
1135
970
1087
983
1079
1009
1047
990
939
1009
1154
1039
1191
1176
967
1035
960
1102
1050
1100
1013
811
960
922
1014
1041
1026
1058
1091
1030
1047
982
1058
1071
997
1085
1092
1025
963
939
1091
1049
1041
1026
1098
1051
1019
1017
964
998
1063
1039
1029
1036
1096
1026
1087
998
1017
1203
902
1145
1039
923
969
1041
1040
1027
1044
1013
1075
1048
1125
1099
939
1053
1020
1018
1030
1133
1045
1096
1115
1080
1057
1085
1118
988
1018
963
1102
1058
1124
1017
1060
1186
914
1017
1020
1023
1046
1049
1058
1148
1120
953
1098
1064
963
1068
1028
939
1060
984
941
1029
1091
1062
1056
1017
1045
989
1013
1044
994
1038
1038
987
1036
1009
1077
1088
1054
1086
953
1080
1022
1132
981
992
1070
1027
1003
1001
1042
1107
1106
994
1019
1123
1045
1066
928
1190
1046
1020
956
1067
1039
1047
1035
965
1070
946
1126
1121
1044
979
1108
1053
952
1027
1037
821
1018
1064
994
1037
1035
1051
1105
990
1003
961
950
1019
969
1025
941
1080
1128
1027
1029
1036
1071
1006
1032
1068
1086
1103
989
989
999
1060
1017
1026
913
1186
1080
1065
1010
985
1023
1007
1054
1020
1068
1052
1052
1061
1094
1025
1085
1106
883
1023
1026
1141
1059
1039
1069
972
1080
1000
1111
1122
1054
956
1004
1055
1078
1072
1035
1047
943
1105
1033
1075
1057
1115
1108
1102
1133
1016
1072
1058
992
962
991
993
980
986
1030
999
1067
1039
1064
976
1012
1047
1092
1091
1072
1053
1008
960
985
1103
1023
958
1082
948
990
1043
987
1044
1085
991
945
1054
1041
1103
1080
1054
974
1043
1030
1068
1069
1089
999
1091
960
1031
1030
1051
1104
1106
1011
1084
924
989
897
1016
1044
1027
1123
1062
1066
1083
1104
972
995
1007
1111
1018
1018
981
947
1021
973
1034
1066
1023
929
1136
1019
940
1069
1049
1172
1041
1068
1072
975
1095
986
1087
1057
1125
1042
1027
1008
1025
1097
974
969
1077
1077
984
1134
1046
1087
979
1109
1102
1019
1094
1063
927
1008
1028
1065
1072
1082
1061
1063
1011
986
982
1015
1019
1057
1081
985
982
979
1130
1017
1036
1055
1008
1034
1056
1183
1033
928
954
1144
1059
1097
1093
1116
962
1011
979
965
1019
1052
1098
942
1039
922
1072
1111
1056
1080
948
1076
967
1130
1003
1042
959
1041
1029
1014
1000
978
1022
968
1085
971
1063
992
1007
1076
1069
1067
902
1025
1146
1066
957
1013
1071
989
1018
1110
1123
992
988
1045
1052
990
883
1053
1099
1012
1022
1150
1043
997
1095
1017
1110
945
1142
1035
963
1007
1076
1027
1042
1145
1025
997
974
1115
1096
1099
1065
1031
979
1041
981
1042
968
957
1111
914
929
1010
1055
1105
1126
997
942
1087
982
1085
1058
1089
957
1076
1106
981
1009
1068
1221
1094
986
1071
934
1069
991
1131
957
991
931
1078
1066
1028
1091
924
1068
1141
1198
1025
1025
972
1011
942
1029
922
1006
1091
1096
1081
1027
1119
999
1222
1119
1164
937
1176
935
1031
1201
1060
1078
1056
951
981
1020
958
1018
1007
1022
994
1079
1117
1054
1006
1032
992
989
1057
1034
1010
1053
1131
1022
1079
1034
1159
1042
1053
1028
934
1066
1074
964
963
1111
1132
976
923
1046
1122
1036
924
979
1048
964
947
1077
979
953
1103
1147
976
978
1021
1129
996
1105
1062
954
1069
1061
1035
1074
885
984
1061
973
1000
1031
1074
1035
1027
1019
985
1059
899
1018
1025
1045
971
1128
966
1079
1002
979
991
1034
1017
1002
989
997
1083
1103
1054
1103
972
1057
949
1040
1009
1050
1162
1028
971
1130
1036
1043
1064
957
1075
1037
1015
1018
976
1110
1076
1048
1037
1094
1089
1106
1097
1086
1008
919
1044
1010
1089
1008
1117
1033
974
950
951
1116
984
1070
1108
1102
1007
1090
999
1090
992
1084
1049
1084
1030
1030
974
936
985
1051
1145
987
918
1030
1013
1064
1078
992
1098
1000
1075
1137
937
1094
1065
997
957
956
1084
1082
1058
1109
1162
1069
1032
905
1067
1088
1000
1084
1044
1070
1070
1073
1143
1071
989
1056
968
979
1035
966
1036
981
1153
939
1009
1021
1045
1176
1042
1160
1135
905
1004
1063
993
1149
1017
1049
1182
989
1091
1113
1076
1062
1029
1083
1014
1085
979
1007
967
1000
1030
1141
1010
999
1008
1004
1023
1010
1032
957
982
932
1171
966
1063
1017
893
975
1018
934
1014
1127
1007
1123
1014
1070
1091
975
1038
1001
1038
1052
1099
1035
914
1003
956
1098
1149
1030
1035
1155
1044
1078
1087
1067
1146
1106
967
1064
1040
1085
1078
1047
1084
1065
1257
938
1015
964
1054
1119
1101
923
1050
1099
1046
1050
999
1040
1050
1107
1054
1025
1143
1084
1025
1030
1018
1125
1085
1072
1034
1074
1063
1014
1080
1007
1060
1003
985
991
997
1035
1011
942
1123
1004
980
1178
1025
1022
1119
1012
1123
1101
968
1174
1122
1079
1072
1088
1036
1096
1113
1040
1090
1040
1021
1004
1086
1089
1178
1040
1043
997
1049
1017
947
930
1143
1023
1027
1060
1122
1184
1029
1132
1056
1011
1009
1134
1115
1099
1073
1071
940
954
1196
1036
1104
1050
1157
1035
1103
1067
1035
1020
1049
1038
1048
1019
1062
1075
1015
1108
1002
1109
1035
991
925
1023
1029
1017
1074
1079
1008
1001
999
1030
994
1099
1074
972
978
1078
1078
1116
1101
1074
911
1082
1161
991
1026
1102
964
1104
980
1030
1142
1025
995
1041
1096
1064
1059
1105
1012
972
1141
1066
1047
947
1045
905
1046
1064
1047
1044
1002
1030
949
1085
982
1068
996
1111
857
1048
1175
1100
1084
1015
1187
1020
1038
1017
965
1161
1081
1004
1096
979
1036
1028
945
1015
970
1069
1143
1045
1075
1153
976
1084
1000
1027
1002
1025
1008
905
982
973
994
1107
1052
991
1037
1081
1040
1027
1137
940
1107
1056
1023
958
992
1022
1016
1083
1015
1098
1033
1080
1075
959
1055
1050
1058
1091
1025
1007
1025
1061
971
1061
1088
1042
942
1027
991
1180
1092
1076
962
1081
1055
1021
1051
1013
930
1075
1038
1078
1091
1083
913
1073
917
964
922
1027
1086
1115
985
1025
985
1049
1130
1066
921
1013
954
995
1110
958
1075
1037
1087
1160
1011
999
1088
1150
1040
904
937
1046
1023
1129
1030
969
1027
1084
943
1035
1025
1032
1028
1034
895
1095
1014
1042
1031
1006
1046
1052
1064
1055
1119
1022
1037
1097
1028
1003
1031
1144
1173
1009
1030
1120
1057
1038
999
1105
1057
1070
1008
1099
964
1087
986
1131
954
995
986
982
1056
1133
1095
1019
1044
893
946
1003
978
1104
949
1162
1195
975
1081
1059
1037
951
992
1148
1035
1025
1021
983
1020
1075
1012
1007
1071
1066
1083
1031
1048
1077
966
1151
1069
1133
1051
977
942
1038
999
1030
1046
963
1019
965
1014
1068
968
938
1057
1071
1004
1060
1067
1129
966
1118
971
946
996
1011
1075
1031
1032
955
1064
1055
1025
1102
991
906
944
1116
1009
1001
987
997
1070
1132
946
1061
926
1074
1002
1010
1076
1080
1001
999
1048
1050
989
975
1066
1076
1005
1060
952
1087
1005
1107
992
1059
1077
967
1080
944
1065
961
1133
995
1175
1102
1062
955
1067
1013
1033
1042
1020
1100
1002
1009
1050
959
1088
1120
1062
1133
1087
991
990
965
1082
1071
1076
1143
1113
1022
978
968
1015
1128
1040
1086
1052
936
1102
1076
1039
1162
946
1049
1084
990
963
959
1105
871
1025
1043
1137
1047
931
1075
1050
933
1032
1023
1069
1062
1042
1030
1082
991
1074
1138
1011
1060
1032
1091
1042
1132
1110
1073
1080
1009
1001
956
1045
947
1055
966
1053
1014
980
1016
955
1058
961
1012
1024
1037
1018
968
1015
1157
1080
1117
1000
1030
998
1013
995
1137
1052
1112
977
1036
893
1061
1061
1071
1026
1021
1049
1094
978
1134
1031
1005
1053
1137
1016
1084
967
1083
1016
1053
960
1059
1186
1006
1035
1107
1090
1094
909
1072
1078
1011
1026
957
1065
1154
1043
903
1050
1068
1011
1015
908
857
825
944
1060
989
1088
972
1171
1087
1079
1059
1092
952
986
1001
917
1034
1033
995
1059
1073
1123
1086
964
1074
965
1064
1031
979
1067
1036
1104
1075
1005
1137
1103
1026
1089
1155
1083
1117
1086
1053
1071
1046
1042
1092
1202
1067
1011
1025
1007
990
1024
1155
1023
982
1022
968
1041
1008
901
1051
992
937
1071
1190
990
1143
1014
1062
1001
1054
1030
904
1000
1022
999
1111
994
1063
979
984
1001
1060
1040
1094
980
1095
1030
1024
981
1116
1031
1017
929
836
1022
973
995
1066
1136
1108
1046
1077
1003
1057
1068
1149
1124
1041
1162
1034
1027
1130
1111
1106
1105
1154
1013
1005
1150
1067
1054
1059
998
1038
1110
928
1003
1033
908
1075
1156
953
1103
1144
1099
1115
1127
1116
1200
1058
1012
1046
1129
1009
1129
964
1012
991
1039
1022
1046
1129
1056
1050
1087
1083
1046
975
930
977
1006
987
1042
1068
1119
1013
1105
1083
1116
1126
996
1046
1102
996
1050
1014
943
1102
1241
1045
1038
918
1083
1061
1055
1068
1111
1068
1061
1034
1020
1042
1105
1007
917
1002
974
1075
932
903
1026
976
1022
1003
1074
1066
1091
1096
1054
1013
1135
1000
999
978
1141
1020
1052
1022
928
1058
964
998
1057
1037
931
1049
1068
1022
1039
1133
1034
951
1044
946
1019
1030
1110
1115
998
1038
1167
1099
1101
1024
969
1042
1018
1150
1023
958
1105
1067
1024
1085
1092
1055
1079
1030
1042
1062
1031
1026
1041
1081
1016
1066
979
998
1027
945
1076
1006
964
1154
1093
1050
1080
1022
1017
1143
983
949
918
984
1115
914
949
998
1030
968
1031
1003
1035
1030
1102
1069
999
1007
1151
1044
1068
1054
1018
1031
1054
1001
1047
951
1047
1048
1142
1135
1070
1145
1197
1069
1057
1013
1049
1010
1022
958
987
1083
1034
1072
1042
1070
1033
1102
970
1105
1073
955
1007
1065
1000
951
904
1059
1030
947
1097
981
1020
994
997
1026
1016
961
1080
1014
1112
1016
1083
965
1034
1084
1051
1062
950
1028
1047
1103
1092
1008
1012
1125
1004
1058
1096
1045
959
1110
1081
1099
1069
1074
944
1140
1043
1065
921
1086
1107
1105
1112
969
980
1044
881
992
1010
989
1057
1075
1004
1077
1103
1042
950
1068
1046
1001
1053
1142
1108
1002
1084
1075
1028
1019
1048
919
1023
1026
968
1110
1116
977
1044
1006
1068
998
1035
1010
1064
1082
980
1020
1033
1095
1140
1038
1105
1059
1096
1042
955
999
1173
1099
990
1066
975
1038
988
1026
1096
1038
1001
1040
976
989
1120
1067
1008
1059
916
1116
1149
1062
1129
993
1079
916
1141
1054
980
1097
1119
1020
1086
1053
1079
1073
988
1075
1028
1076
889
1046
931
1074
965
1072
1050
980
1093
1134
1021
1013
964
931
999
918
902
1073
945
1087
1006
996
996
1030
1081
1036
1064
1037
997
1149
1045
979
972
1007
988
1100
994
954
1066
1044
1035
961
1023
1016
1008
1087
1010
1016
977
980
977
1080
1183
1059
984
1084
1063
1052
1091
1035
1011
1038
1051
1024
1038
1106
964
1011
1039
1040
1091
1003
1155
1021
951
978
1092
1005
925
1019
1049
1065
990
968
1092
1057
976
1060
953
1032
949
1040
993
1037
1097
1053
1092
1157
1058
1116
1062
1014
1066
1049
1023
986
1019
1048
1176
1105
990
1011
1137
1038
982
1157
1014
1017
960
990
1081
1012
970
986
1091
1042
1016
1064
1026
1041
999
1165
1128
1020
970
1242
1065
935
994
1023
1022
1066
1042
1033
1031
960
1135
914
1030
960
1010
1117
1016
915
1085
1166
1052
1122
980
1095
1041
949
1067
1040
955
1165
1173
1039
1084
1005
1074
1106
1005
1053
1143
1069
1057
932
1081
970
991
962
1027
922
1006
1082
1043
1061
1049
1047
1032
928
1062
1164
1043
1140
1053
963
1059
984
1070
1036
1055
932
1021
1133
1095
1011
1061
931
1051
964
876
1055
1094
1037
1079
1153
1006
1101
1168
1117
1024
995
1145
1038
1056
1032
1058
925
1103
1029
1108
1002
999
1030
1062
1024
909
1032
980
1065
1060
896
1125
860
1003
995
1049
1019
1079
1062
969
1114
1107
1042
961
1128
1021
1002
1008
976
1075
1046
982
1030
1166
1075
1058
1062
1038
950
948
1107
1131
1047
1185
1019
1057
1048
1041
1058
1017
1070
1026
1119
992
999
970
1075
982
853
847
1025
1002
1075
999
1072
1012
1077
1073
1051
1016
1062
982
1052
1124
1085
1134
986
1070
972
969
1026
1106
1101
1018
1055
1018
1091
958
1060
1057
953
1013
1092
988
1015
1013
1039
1067
958
1142
989
990
1024
1138
1021
1001
988
1005
1151
1059
1078
1034
1097
1018
1013
1080
1051
1126
1066
971
1023
1014
960
944
1074
1059
1037
1075
1100
1030
1120
913
943
921
931
982
1001
1110
1068
1027
907
1128
1051
1051
1019
985
1183
1010
996
1053
1168
1060
1107
1001
1055
1181
1064
1039
1118
1072
1098
1055
1026
999
936
976
1093
1012
953
1125
1027
1091
1106
994
1044
1070
973
1027
1074
1070
1004
1126
1024
1184
1103
1016
1175
1084
1000
1057
999
1050
1036
939
1067
1058
1039
1057
1061
1102
927
1026
1115
999
1005
986
1052
982
1047
1005
1074
1093
1073
1055
1087
1022
998
1048
1087
1041
1043
1104
1045
1043
1040
1033
1050
994
1079
1046
987
1025
1027
1000
1140
1088
985
993
1070
1041
931
1072
1110
1131
1124
1134
898
1086
998
1088
1105
1018
1007
968
1049
910
1051
1079
1084
1020
1020
990
1060
1181
954
1019
988
1008
1075
1032
1021
975
1028
1060
1027
953
1008
1013
974
1121
992
956
1085
1151
1061
1099
989
1123
1026
1102
1163
1074
983
1031
1035
1149
1044
1058
1023
1126
1017
1048
1146
957
981
1105
1095
897
1023
1051
975
1158
996
1093
1001
1024
970
1054
1056
942
1140
1028
1035
1019
951
1061
1060
1031
943
1029
1089
1025
989
997
1030
961
1084
1043
1070
1000
1059
1027
1081
998
1048
1085
982
1018
1011
1019
1069
1061
1045
1071
1060
1076
1085
1089
1001
1099
1048
1042
1032
954
1010
1103
848
960
981
1089
993
889
1065
1041
981
1049
1072
1071
950
987
1124
1069
1009
933
1053
1004
1078
1064
976
1011
1112
1116
1020
941
1022
1047
1058
1050
1138
982
1034
1099
1063
1115
1049
1029
1079
1086
1123
1031
1074
1013
912
977
1085
994
1016
1085
1025
1055
950
1082
1064
1006
1007
983
1052
1074
964
1039
970
1003
1073
958
891
1005
977
1062
1075
1011
1009
1102
1081
985
983
1068
1172
976
1006
1103
1039
1075
997
1170
1021
1130
1135
993
1044
1117
1035
1058
999
1082
965
1099
986
1035
1050
1074
1100
1134
1059
1033
1001
1093
1084
990
1044
1032
1026
1014
1011
1020
985
1008
1055
1057
1024
1092
1019
1186
1027
988
1018
952
1041
1042
1110
1041
971
1010
1015
1067
865
1002
1086
883
1077
965
974
1060
976
1059
1073
1040
1016
1062
1020
1064
1130
1052
1002
1029
1017
985
920
966
1012
1055
993
1056
920
968
1006
1089
1055
1006
1197
983
1120
962
1068
1100
1051
1073
1044
1038
1030
969
1082
1153
1014
1148
1069
1053
1013
1061
983
1073
1138
1081
979
1151
1149
1011
1009
1139
1008
1058
998
966
992
1001
979
1098
1032
1037
955
1031
977
992
1011
1053
1070
1084
1073
1047
1068
1083
1092
1130
1094
985
1152
1012
1092
996
1059
1116
1167
1053
1000
948
1099
1031
1021
992
963
1055
869
1051
1107
962
1052
1012
1088
1038
1048
1078
1076
1043
993
1023
1047
1061
990
1174
985
983
1049
1026
1066
1033
1071
1065
1059
952
980
1113
1134
1121
1109
981
1128
928
1081
949
1091
1121
950
1013
1073
1068
1077
1062
988
1072
1041
1082
1116
1121
1022
995
1001
944
987
923
1062
1133
1042
1203
1031
1058
988
1038
1027
964
1024
1074
1019
1044
1146
1132
944
931
1027
1112
964
978
955
951
1020
1038
903
1139
1067
1051
1039
1129
970
1101
1190
979
943
962
1030
1078
999
1102
1035
946
979
1036
1019
1027
1033
1165
1074
1007
976
1062
1067
1062
1007
998
974
1075
1002
1068
1006
1076
1001
1179
962
1104
1053
1107
1020
1060
1101
1049
1150
1057
1089
1050
980
1084
1031
998
1102
1053
998
1074
911
952
1118
981
1107
973
989
969
994
1149
1000
1063
1087
1064
993
1133
970
984
1026
1044
1023
1104
1037
1035
1098
1070
1000
1025
1064
966
1126
1031
1063
1036
990
1167
1110
1058
998
1166
1036
1122
1069
1010
1153
1003
1146
1079
1035
1033
1115
817
1094
1098
960
1099
1032
965
989
1120
1083
998
948
999
1073
1072
983
947
1058
1046
1091
1004
1051
982
993
923
1163
851
959
988
885
1024
913
959
1064
952
1013
947
1144
1047
1123
1067
1089
1095
1010
1070
983
1004
942
980
962
1050
1068
960
1059
1023
945
988
1087
1012
1044
1061
977
1007
1082
1077
1110
1025
975
1060
1053
988
1103
1042
1011
1045
1048
956
1038
976
996
992
996
1038
998
1070
991
1174
1048
1026
981
1049
948
1079
1028
1035
1069
1185
1060
1035
1039
939
1088
1050
1128
1055
1115
1078
1039
986
987
1132
1017
1128
1161
1028
946
1084
1011
1123
963
1076
1107
1053
1072
1160
997
1049
960
1149
1032
1061
1036
1042
1069
1079
1044
968
1062
1034
1036
1037
1073
1139
1013
1068
1141
1071
1044
1078
1069
1035
987
1093
1037
990
1083
1064
992
1038
981
1077
1055
1073
1051
1035
996
1113
1042
1021
1062
975
1003
1163
1085
967
1047
1063
1158
1063
1141
985
1128
1034
985
1007
1060
1012
1039
998
1042
1109
959
971
1132
1144
1090
994
1110
1040
1019
976
1029
999
1042
926
1142
945
972
1030
1069
1000
1050
1010
1041
1052
980
1007
1149
1069
1097
1164
944
961
1076
1033
1067
1119
1036
1009
909
1099
1034
1042
1044
1127
964
946
1069
945
1026
1017
967
972
1198
908
969
1007
957
1058
1102
1096
1007
1066
978
996
1095
1041
985
977
1070
1033
1028
1079
987
1049
1107
979
970
996
1056
1030
1078
1039
1001
1005
996
1026
1043
1019
1036
1082
1035
991
1059
1068
1049
1108
1013
1005
1029
959
1069
1054
1102
1015
1080
979
881
1057
1114
908
1001
1072
1009
1106
1130
1012
1152
1054
1043
1026
1097
909
1076
1030
913
963
1154
1056
1049
1088
1111
1038
1002
990
1021
1054
876
967
1165
922
1056
1166
1016
1111
1030
1046
997
1028
967
970
1200
1053
1079
1155
1006
984
1114
1053
956
1020
1109
1052
1058
1057
1115
1044
957
1031
1087
968
1046
1117
998
1078
1002
1059
1074
1087
1084
956
1124
1021
964
974
945
1112
934
981
1039
1118
1047
1035
1157
1085
1006
1076
996
970
1122
928
1097
1095
1057
1063
1092
977
1070
983
1200
1048
1044
1105
1077
976
994
1031
1089
1072
993
1021
1148
1005
1048
974
983
958
1010
1054
1035
960
1056
1017
1061
1128
997
1097
1110
963
1067
1045
1025
1172
1149
1046
1100
1145
1049
990
1081
1049
999
1027
1050
1000
1124
1060
1110
999
1060
1022
926
1009
957
1040
1081
977
1080
1015
1020
957
1019
988
998
1086
992
1023
995
1081
1017
1054
1094
1091
1000
1096
1065
1069
1114
1076
992
1087
1020
1234
1074
1052
1019
990
1058
976
1111
1053
998
1001
1050
1139
980
1192
1010
1039
1023
1170
1015
1195
985
969
1057
1108
915
982
985
1045
1029
1105
991
1134
978
1116
1046
993
1032
991
1014
1152
1150
1041
1078
1104
1146
1061
1022
1043
1061
983
1113
915
1032
989
1044
990
1085
1121
1106
981
1036
1060
1067
1054
1048
1036
956
1037
955
990
964
1026
937
1001
1145
1010
1102
1042
989
947
983
1098
1032
1047
1135
962
1135
1031
1029
898
1053
971
1058
1087
1017
1088
896
1036
1044
988
1074
1031
924
1006
1015
899
982
1003
1055
1020
1113
1086
876
1004
970
1126
1050
1087
1089
1060
1057
1117
1137
1099
1082
862
962
1015
1153
1003
975
1087
1005
1035
1127
975
935
996
1033
1080
1051
1113
966
1062
1163
1130
1092
1065
1040
984
984
1014
981
997
1056
1036
1063
1009
1072
998
1019
1165
905
1059
1092
1074
1127
1061
1026
1059
1117
1063
971
949
915
1151
1109
990
1085
1038
1046
1065
981
1061
1040
991
1061
1007
1063
1094
1065
1026
1005
1025
935
933
956
1029
896
952
992
1083
1063
967
1030
990
1072
1057
1003
1022
1071
1046
1027
1075
964
969
893
1107
1006
1063
1027
1099
1085
1004
1012
1033
1079
939
1131
1108
988
1122
1042
981
1101
1000
969
1022
1055
1024
957
1034
1054
1030
1108
1022
944
973
1175
1070
1005
1018
1105
1136
1076
973
1131
1133
1095
1167
1089
979
1086
1065
1068
1080
897
1048
1052
1027
985
1118
1136
910
1102
1003
1013
973
1126
1121
993
1073
1037
996
977
1145
934
1121
1075
1075
1048
1074
1013
1136
1015
1000
1137
1201
1041
982
991
904
931
1074
1001
994
1031
999
1092
1106
986
1112
987
1143
1085
1114
1101
1024
1029
1073
1114
1101
1155
981
1032
993
969
903
969
980
1071
1100
1109
1075
1093
1079
1094
1088
1012
1161
1059
1033
1069
1037
991
986
980
1105
1038
1006
1038
1116
1056
918
1053
939
1025
996
1069
1038
938
923
1062
1019
996
1042
1011
1036
1047
947
1024
1047
987
1097
977
1133
1077
956
1061
1004
1049
1058
971
1064
1060
1018
1022
1111
1020
1061
986
1033
979
1054
1041
1201
1002
1081
1126
988
1017
1060
967
1018
1100
933
970
1040
971
1090
1082
1004
1109
1030
992
1131
1091
1129
1073
998
1056
1060
939
1186
1031
1089
1045
986
1025
962
1053
1073
1115
1063
1007
946
1003
1142
1010
974
1061
1028
1038
1028
1040
1027
970
1077
938
1138
1130
1103
1105
1141
1011
1117
982
1047
1002
984
1099
989
1152
1020
1112
1043
989
999
1031
999
995
1137
1128
1030
917
1017
1061
978
995
1049
1033
1031
962
1072
1044
1099
1141
1055
1083
1136
966
1051
935
1105
1047
1044
1079
957
978
1091
969
1138
933
931
992
1040
1129
1066
993
1006
1118
1046
1028
928
1110
1032
1140
1037
1017
1011
1140
1036
1025
1020
1079
1041
1132
1075
1029
935
1109
985
938
1031
1021
1144
1029
1026
1075
1037
1027
904
990
1114
1057
1023
982
1055
1101
967
1162
1173
998
992
1000
1055
1008
1076
934
1094
1165
1030
1010
1108
943
1040
967
1011
1046
1078
1063
1058
1003
1026
936
953
951
1078
1089
1220
1055
1088
1063
1007
1027
1061
1035
1051
939
1048
933
1123
1053
929
1047
1144
1098
1039
999
1019
1017
976
1023
1138
999
994
1029
1183
1003
1116
1053
1006
1005
1050
1007
1150
1012
1084
1029
917
1146
1024
1116
1132
1064
981
1089
987
1076
1120
1063
1078
1096
945
1084
1053
1023
1116
946
1002
943
1097
919
1082
946
976
1116
1026
1101
1089
1109
1064
959
1014
1076
1080
1084
1039
996
1063
1077
1038
1040
1074
1047
959
951
1017
1043
1100
1036
1015
944
995
1076
1027
1029
1176
1033
1003
1013
1130
956
967
1082
1054
968
1091
1050
925
1020
1055
1118
1193
953
1079
950
951
1005
925
1030
1036
910
1033
1062
999
997
1085
1039
1127
930
1052
1121
941
944
959
1137
1067
1025
1079
1030
1067
906
1127
1056
1092
1043
1028
1093
945
987
978
1039
1191
1065
1059
966
1001
1037
1045
1000
1140
1142
1059
1024
1027
1089
1063
925
987
1152
1042
1013
1080
1074
1069
1087
1047
946
1055
1107
1054
1157
1080
1053
1152
1008
1060
1080
1090
1039
1141
1098
1009
1030
1116
1097
1027
964
1009
1051
1118
1117
926
1025
1133
1001
885
1034
1109
1081
1005
1009
1135
1109
971
1076
1080
1001
935
974
1124
1074
1035
1069
990
921
987
1106
1046
1118
1118
1002
1014
1113
1156
1006
1086
1074
1079
1193
943
1076
1012
1059
985
1075
1046
1022
963
960
1047
1026
1010
942
1008
1005
961
1092
918
1024
1065
957
1129
991
930
1119
967
1143
989
1051
1074
1050
1023
1062
1030
1008
1009
1004
1057
1053
976
978
1129
1007
989
1028
1110
1055
1055
934
996
1012
1049
1019
1034
1093
1053
1040
1057
1090
1096
1043
1088
1075
1099
1108
980
992
999
1072
981
995
1006
1075
983
894
1042
1014
1023
1064
1018
983
914
993
950
1008
1128
1019
1056
1131
999
1125
1065
1092
1113
910
1067
1034
1106
1065
1035
1011
976
925
1071
1062
1024
1015
1051
1058
1057
1038
963
1044
1118
1106
1048
1009
945
958
1039
998
1005
1062
1029
1165
1054
962
972
936
1116
962
1081
1052
1188
1033
1020
1112
1087
964
1149
1008
1037
1064
1000
1013
1060
989
1084
1053
1092
1021
1027
907
1071
1111
1137
1098
1125
1074
1155
1027
1000
1063
1041
1088
1099
1116
1039
1060
996
939
1026
1098
1072
1038
1043
1133
1020
1001
1024
1060
1083
1106
999
1078
1006
996
1045
858
888
1002
1111
1098
1075
990
1101
972
965
1144
1117
1090
1116
1063
1092
1010
1078
1075
977
1019
1046
1062
1029
1026
949
1134
1014
1155
1099
986
1036
1029
993
1056
1067
996
1025
998
928
1145
1066
981
1040
1014
887
938
1053
1106
1111
1151
1140
1053
1042
1113
1086
991
1041
931
1014
971
1134
852
1011
1116
977
981
1016
987
1174
1078
1095
1060
1065
1055
1039
1157
992
997
1068
1042
1124
1040
1006
1025
1031
1150
996
998
954
977
1079
1001
1139
1061
1010
948
1187
1130
960
1115
1049
1028
1069
979
1073
886
950
1047
945
982
1011
1060
1056
956
1074
1119
1021
1061
1019
1080
1114
1050
1072
1145
976
1116
1040
940
981
1029
986
1009
944
1086
1084
1006
1060
1070
1035
916
1039
1106
998
1088
1090
934
997
1139
1209
987
1022
961
972
1072
1044
957
1077
1074
1121
983
1083
1135
1012
1018
1042
1044
1022
1041
1020
1004
1171
1050
1029
1064
1034
1060
1081
1064
1039
1021
1191
992
978
894
996
1096
989
999
1068
1031
1084
1155
1029
1078
1055
1045
929
1064
969
1031
1056
1019
937
1120
1075
1018
1131
907
1059
1053
1051
1101
1157
1004
991
1114
1010
999
1034
1042
1163
1038
1110
1087
1110
1148
998
1016
1087
1035
1153
1011
1031
1092
1043
996
1145
1045
1039
1022
1038
908
1073
1001
1075
1038
1157
1062
990
998
1112
965
973
1017
1033
1120
1050
1098
933
1071
1003
1082
1082
1069
1007
984
1121
1023
1016
1048
953
1022
1011
1047
862
1147
988
1089
1097
1040
1001
929
987
1067
1133
1054
1058
1010
1057
1093
945
1169
1048
962
1018
995
1114
1006
1129
947
1039
1034
1003
1110
1011
942
1078
1046
940
920
1157
1065
1089
973
1066
1204
1131
1003
987
1092
989
1028
967
1030
1161
1079
1061
1052
991
1111
1095
1091
991
1027
975
988
996
928
1003
963
1180
1037
1142
927
1045
1089
1020
1003
970
959
1042
938
1088
1077
1077
936
1011
1109
1104
980
1011
1086
1059
932
1070
1046
1025
1019
911
1071
1056
1137
1039
1016
886
959
1079
1087
1084
1084
1053
1065
1053
1082
964
981
1098
1015
1060
1019
1003
967
1063
1103
1021
914
918
1010
1068
1103
1078
935
1070
991
1097
922
1027
1051
1054
1089
1042
1030
1043
969
985
1060
969
1053
991
1065
1002
1101
1073
1099
999
1043
1089
1029
1052
1093
1056
1109
1147
1082
1034
968
1052
1154
1125
1049
985
1090
1042
1094
969
989
1142
1033
1111
1166
986
1061
1040
943
1009
1075
1109
1046
1113
1026
1089
976
977
1123
1051
1000
1032
1168
870
1092
1099
924
1072
998
1156
910
1060
1130
1131
1112
1061
1058
1068
1046
974
1063
1160
1004
1055
1023
1069
982
1046
969
1039
1028
1068
1085
972
1028
1025
1030
1074
1009
1046
992
1025
1049
998
1045
971
1062
1097
950
910
1098
1023
1053
1104
1013
1077
1138
974
1007
1009
955
974
1025
1021
1109
988
999
1036
1004
1045
990
1112
1041
982
908
1047
1046
980
991
1083
1003
1083
966
959
982
1077
1047
999
1161
1078
1023
1156
972
1151
945
950
1002
1037
1062
1110
934
1093
1082
956
1058
928
1008
1047
948
1118
1007
1185
1073
1089
980
1053
1027
918
1081
1036
973
1014
1035
1047
1104
1086
1075
1070
1071
1149
968
1228
1091
1122
1071
1000
1120
1080
1092
941
1064
977
1144
1083
1077
1145
1082
1043
1011
1120
1011
1005
1058
1164
1040
1055
1087
1085
1040
1093
1044
1041
944
1056
1117
1135
1070
1001
990
1022
1050
1038
1073
1071
967
1014
1117
1073
1044
994
1114
1037
1107
1127
1076
998
1087
991
1082
1036
1098
961
1056
1029
1020
973
1020
1081
1013
1153
1053
1116
985
1107
982
981
953
1073
923
1064
1039
1228
1106
1037
1047
1040
1077
1101
1071
1181
1009
1071
1065
1054
1094
1137
1087
1086
999
1063
1110
1138
1074
1029
1079
1040
1041
989
1094
967
1089
1025
1007
1045
1042
1121
1063
967
956
1003
1003
1114
881
1033
1030
1085
997
1053
942
899
1134
1109
1049
1046
1024
1067
1041
1099
992
1218
1050
1106
1046
1044
1102
1082
1112
984
1034
894
1065
980
1014
937
1040
1008
1087
1108
1149
984
1006
1057
1012
999
1090
983
1049
1022
1164
991
1097
1140
988
961
981
1036
1043
1006
1122
1058
1083
975
1020
964
1119
1129
1095
1077
1054
1042
1111
1046
1089
977
1155
970
1095
1088
1028
1182
1027
990
1025
975
980
1063
1118
945
972
963
1040
1177
1114
1091
1097
1070
1001
1102
1030
1127
1083
952
1001
1076
1092
1123
1048
888
926
994
1137
1074
1036
1088
1061
1020
937
1003
964
1119
1141
999
1078
954
976
1140
1116
1049
1024
963
1029
1155
1128
1078
1008
1006
928
1050
960
977
1112
990
1056
1013
964
1022
1078
1156
1061
1118
1100
1015
972
1055
1096
998
1076
1071
1011
1014
987
993
1012
979
981
1064
1095
1133
1161
990
1023
1107
1006
1015
1077
1017
1004
1022
1034
976
983
1076
998
1125
1128
1015
1023
957
1103
1075
992
1036
1004
956
1087
975
1115
1054
916
1105
948
1136
1004
988
1088
1007
1064
1147
1032
1057
1115
1060
1147
1108
966
1017
1014
1015
1055
1001
1000
1024
1036
999
964
993
971
1006
1009
1029
1017
888
1011
961
1044
986
993
1071
1108
1019
1180
996
910
1089
1012
1006
1091
1024
1008
982
1098
1060
1022
994
1055
978
1105
1043
1027
1016
1020
962
1006
1049
1018
1050
1005
1077
1118
966
1103
1072
1092
1048
1050
1011
991
1172
929
1028
944
1103
1020
973
1135
1011
1186
1167
893
1123
949
1057
984
1091
1056
1093
1077
1002
1114
974
1067
1096
1070
1043
984
1114
1043
1035
1020
981
947
998
1136
1042
1004
1001
1106
1123
1073
1193
972
1070
1000
1028
978
1129
888
1008
1078
1025
1142
1152
986
1009
1254
1099
1050
1015
996
1045
936
1023
955
1061
1084
1138
1110
1035
1154
1122
1088
1090
1122
1079
1016
1177
1058
1064
1042
1085
1148
1089
1089
1057
1009
1091
1040
1101
954
1060
1043
980
993
863
1054
998
927
1101
1017
972
981
956
982
1065
948
1073
1043
1013
1114
997
990
1059
1033
989
975
1035
1047
1039
1020
1051
1037
1034
1114
1026
992
1034
1022
1044
1161
1089
1045
976
1098
1034
984
1068
998
1058
1048
952
999
1107
1069
992
1111
1137
1034
1117
1073
1092
1029
1101
1075
996
1088
1048
1023
959
1023
1094
1070
993
1110
1073
1028
1023
1069
997
1097
1147
1109
1013
1030
1048
924
1078
1016
1037
1023
970
858
1000
1035
944
1007
1018
1084
933
1023
983
954
1111
1003
1124
1124
947
1043
1054
1050
963
1055
1082
1036
1093
946
1084
972
1016
1106
1036
1018
1178
1026
947
1075
1026
1060
964
1135
1047
1009
927
1016
1012
1031
1082
1055
1062
1018
1112
1145
1025
1079
1025
957
1002
1154
989
1042
1127
1010
1025
1036
1021
927
1088
1029
1018
996
1040
911
1103
1074
1147
1081
1058
1076
981
1082
971
1042
1026
1169
1033
969
1084
940
996
1009
1011
1097
1042
1220
1142
1030
1085
1052
1075
986
953
953
1007
1081
958
1048
1179
984
1100
1108
972
1036
1090
1125
990
1019
1049
941
998
1045
1003
974
993
1008
950
1020
1190
970
1068
1024
1055
1006
1019
1008
1027
1102
1090
872
1086
981
1055
1000
938
1110
948
1043
950
982
986
1156
942
1060
1121
1012
944
1005
1034
1062
1111
989
1024
1000
1072
1076
1048
1037
1009
973
1062
1015
1017
1122
1027
1019
1022
1082
1059
967
1111
1025
944
1082
1004
1025
1053
1024
1048
1043
955
1013
1101
1049
1050
1017
1013
1064
1046
1111
1037
1041
1058
991
1043
1107
992
1045
1028
1023
1065
974
1052
1105
1079
1073
976
979
1043
1016
943
1015
1122
941
1154
1017
903
1032
1039
1133
1131
932
1078
890
1076
1002
1076
1008
1143
1053
1103
979
1012
929
967
988
1093
1095
1020
1100
1083
1038
1014
1061
1044
1027
917
1047
1041
1021
878
1008
983
1014
1052
1055
1086
937
1144
1005
1182
942
1010
1121
1038
1100
973
1029
1078
1006
1192
950
1099
1047
945
1086
1134
1024
1174
994
1087
1084
1073
1051
1007
1015
1077
1007
1034
1083
971
1083
949
1023
944
1032
1122
1014
996
1125
1005
995
1058
982
986
1165
1019
1055
1033
1065
977
1065
1040
921
1125
1075
992
1124
1170
1050
1096
1020
1046
964
1109
1113
956
1115
1045
1112
1069
993
1080
1023
926
1039
1067
1017
1030
1132
1069
1149
988
1071
1030
956
1033
875
1074
953
943
1069
1066
1137
1030
1077
966
998
1002
889
909
1058
1087
973
1046
1025
1064
1021
991
1151
1062
1093
1025
1003
1069
1059
1012
1116
1124
1090
1075
925
1029
1078
989
1160
1058
1052
970
952
1000
962
1131
1082
974
1132
1063
1040
1026
1026
1089
1006
930
1007
1096
931
1033
1080
1107
1021
1047
1058
1044
967
1075
1101
1050
1064
1184
1011
1088
999
993
979
1123
991
1088
1023
1026
1053
988
1022
1106
1010
1066
1017
901
1108
1096
1052
1055
1100
1033
986
1040
995
1090
955
1054
1056
942
1013
1067
1030
1027
1016
991
1057
1040
965
1037
1059
971
947
982
1093
1115
1079
1001
1023
1056
988
1015
997
1048
965
1062
1043
1122
994
1066
1086
966
1055
1130
1131
1086
886
1029
1017
1037
1026
955
937
1013
1024
1032
1080
1082
1085
980
1044
974
1057
972
1026
1105
1072
1039
1052
1065
1059
996
974
1071
1070
1026
1192
1184
1016
973
996
1074
1079
1037
1154
1076
1030
1048
1039
1044
1029
978
924
1109
1005
1104
1089
1089
1045
1020
1144
1105
980
1038
1047
1050
1072
1111
1044
1014
1106
1128
1138
1032
1039
1109
992
961
1004
1145
974
1045
1033
1053
1073
1200
1013
1042
953
1023
1087
1025
1094
1066
1039
944
1040
1060
1020
1037
987
1031
1018
1107
1045
1087
1113
923
1085
989
1071
986
1073
1040
1062
1111
1028
1079
994
1067
1031
1057
1147
979
1025
1034
1061
922
936
967
1126
971
1103
933
936
1004
982
1110
1091
1042
975
1013
1078
1013
1037
1047
1106
1133
1104
945
1088
1052
1057
1089
1044
1062
1128
947
1051
1082
1040
1078
1080
1039
945
885
1171
1087
1023
1074
1016
1056
1080
995
958
915
968
1044
1026
1052
1109
1078
1020
1152
1051
1017
1020
1025
1101
1041
1028
1027
1072
1009
974
1062
1050
1054
1079
1060
1084
1035
1006
1108
1093
1134
1035
1067
1024
980
1057
899
1015
1073
1056
1090
1001
1057
1005
1186
1155
1031
995
1041
1030
991
1163
1152
1083
1035
1104
930
1022
1043
1009
1046
925
993
1042
1098
986
1055
986
1012
1103
1061
1015
1146
1007
1030
1104
1074
1160
1040
1033
1085
1064
1046
1187
1053
1052
1021
1049
1138
1048
1075
906
1154
973
1195
1033
1007
994
1080
1044
970
1080
1052
979
923
950
1024
998
927
1025
1156
1155
1010
1115
1065
1061
999
1112
993
986
1036
970
970
1038
1052
1040
1117
990
1146
994
1063
989
1016
1069
1060
1033
974
1093
1050
1088
1102
1007
1091
1132
876
1092
1119
1072
967
1075
991
1026
1121
1012
1032
977
924
1010
1088
1019
1075
1065
1085
1008
1046
1007
1042
919
1106
1033
997
936
1035
1020
1068
991
1050
1109
933
1075
1116
1038
1137
1061
1056
1171
1077
987
1055
1108
1011
1078
1018
976
1011
978
998
899
1118
1003
1079
893
1020
1150
1075
1093
1106
1026
1006
1068
1105
992
1076
1102
1099
1049
1067
1052
1123
1104
1061
981
991
996
1060
904
991
1029
1081
1017
947
1069
994
1055
1031
1116
872
1075
1116
1041
1015
1055
1006
1052
1001
1088
1031
1127
1005
1063
1033
1020
1029
1044
996
1042
1009
1082
1038
1020
1109
978
1090
951
1072
979
1074
913
1055
1193
1081
1114
970
1115
1096
1030
982
1002
1155
1062
1035
1015
1012
968
1112
1017
1047
990
999
1015
987
1112
957
1089
955
1111
997
1001
1110
1096
1096
1002
1024
1004
1079
929
1015
1065
1081
886
1002
998
984
1024
939
963
1002
1042
1186
1120
1029
888
1017
1062
1006
989
848
1002
926
1072
1036
986
1197
1004
996
1025
928
988
1078
1129
988
999
952
1047
939
1130
1029
1008
1028
1072
1072
1141
1017
1008
1094
960
963
1030
1168
1045
1027
1056
1083
967
1030
1047
1019
996
1007
966
1083
1079
1025
1069
957
1001
1027
1073
1119
945
976
1062
1062
1066
999
1015
995
972
1062
1062
980
1073
1009
1037
1027
1061
986
1056
977
1044
1105
1062
991
1057
1186
1032
1108
890
1063
906
1056
1057
1032
1049
987
1023
987
1109
1017
1050
1115
1016
1120
1028
986
955
1089
1038
1022
925
998
1046
1036
1070
1087
968
1060
993
1025
946
1145
1058
1064
1024
1050
1010
968
1027
976
1006
1038
1044
1049
928
1079
930
1069
995
961
1002
939
1058
1060
987
1054
1009
1033
1025
981
952
1043
1051
978
837
1040
979
1073
1065
1056
1060
1069
1007
1086
1019
1065
1052
1130
1118
1168
1213
1055
1020
1064
1137
963
986
1016
1007
1091
1048
993
924
1048
947
1185
933
1145
1073
1144
1045
1030
1055
1040
979
1079
1075
1037
1035
945
1008
1041
1060
845
1092
1120
1010
1051
1063
1067
1143
1195
951
1099
953
1049
1045
1071
1017
1074
1067
1023
1001
1121
1116
1106
1060
1005
1015
1027
1023
1066
1061
1049
985
944
1000
1159
950
1081
1027
968
1077
996
1069
938
1081
984
972
1037
1118
1003
1149
1071
958
1171
1016
1036
1080
1068
1010
1042
1027
996
1069
1067
982
1061
1043
1045
1081
982
1010
1006
1106
1005
1049
1152
1033
1090
1007
1014
1006
1065
1033
1086
964
985
1043
1056
1064
928
1149
969
1050
1058
1109
1005
974
1087
1192
1042
1014
1056
1168
976
1052
1148
1023
1085
1149
1063
1089
1005
1018
1120
1028
956
1016
1180
964
1038
999
1067
1041
1055
1072
910
1044
1118
1105
1074
1119
990
1082
1099
1007
1087
1080
1178
1017
1159
1057
1157
1024
1026
1230
994
1057
999
1016
1105
996
1036
968
1010
1075
1083
1065
1103
1160
954
1041
1058
1052
1119
1044
1122
1115
1145
1002
997
1073
1060
1064
1013
1094
931
1026
1099
979
1144
1110
1076
1096
1126
1071
1033
1031
1033
1046
1057
1078
928
1051
1094
1074
1074
1064
1117
1036
1071
966
993
1126
1002
1129
1105
1190
1033
1142
995
1104
1074
1044
1020
962
1086
1037
1136
1019
1078
975
1083
1171
1027
1013
1172
1137
1062
1054
965
1085
949
1076
1066
1023
1014
1101
910
1063
1034
1016
1130
959
1034
932
988
996
1030
1030
1110
1004
1210
1101
1135
1053
1153
1153
1031
1004
1018
1039
981
1064
1094
1170
1024
1052
976
1055
933
1073
1013
1035
1070
1020
985
1116
918
1047
1066
963
936
1077
