1167
1178
1179
1109
1267
1199
1291
1207
1276
1264
1287
1118
1158
1269
1193
1282
1218
1202
1295
1199
1087
1240
1232
1067
1146
1184
1249
1199
1111
1239
1177
1186
1148
1183
1178
1244
1210
1263
1190
1233
1241
1283
1384
1294
1153
1261
1245
1314
1159
1185
1341
1199
1074
1213
1182
1157
1251
1252
1186
1289
1344
1318
1125
1144
1312
1234
1307
1295
1209
1217
1258
1086
1218
1268
1228
1119
1242
1254
1275
1169
1258
1263
1254
1231
1212
1149
1129
1152
1246
1131
1269
1282
1178
1150
1172
1228
1288
1219
1155
1123
1297
1258
1228
1058
1260
1111
1113
1242
1163
1196
1206
1142
1178
1230
1190
1168
1238
1240
1261
1197
1199
1155
1121
1295
1159
1250
1234
1120
1084
1163
1316
1237
1175
1072
1081
1207
1111
1197
1146
1209
1115
1114
1264
1256
1253
1160
1196
1238
1238
1169
1311
1258
1169
1195
1167
1234
1255
1138
1297
1123
1070
1178
1195
1249
1310
1186
1215
1263
1219
1118
1174
1217
1219
1229
1146
1266
1271
1122
1180
1172
1180
1157
1291
1241
1171
1152
1134
1143
1255
1165
1272
1177
1222
1215
1130
1229
1216
1226
1187
1254
1192
1317
1274
1082
1201
1168
1081
1280
1239
1174
1238
1178
1253
1174
1264
1219
1131
1255
1122
1224
1270
1106
1310
1240
1160
1140
1213
1042
1218
1214
1202
1206
1091
1330
1124
1139
1326
1182
1117
1216
1306
1107
1178
1191
1324
1132
1196
1183
1249
1202
1205
1292
1201
1129
1244
1294
1124
1167
1253
1109
1190
1200
1145
1135
1103
1160
1129
1262
1207
1244
1232
1220
1235
1178
1225
1171
1148
1225
1154
1203
1272
1173
1257
1235
1216
1400
1243
1234
1247
1150
1183
1252
1158
1206
1059
1157
1222
1261
1344
1220
1182
1185
1228
1112
1163
1241
1149
1094
1228
1175
1184
1216
1265
1098
1273
1181
1151
1230
1198
1176
1168
1248
1085
1229
1232
1117
1075
1217
1190
1234
1205
1160
1149
1297
1235
1083
1240
1205
1176
1314
1231
1155
1143
1230
1164
1112
1183
1262
1287
1230
1204
1195
1172
1171
1185
1166
1230
1230
1148
1183
1227
1145
1204
1255
1208
1262
1229
1213
1136
1115
1214
1157
1234
1169
1196
1142
1188
1107
1229
1231
1266
1221
1370
1108
1184
1399
1301
1177
1182
1220
1166
1343
1197
1266
1172
1209
1159
1236
1276
1229
1221
1194
1132
1334
1181
1117
1234
1218
1264
1255
1174
1090
1196
1135
1173
1152
1165
1253
1283
1146
1184
1236
1182
1244
1157
1249
1249
1172
1170
1203
1227
1245
1240
1120
1156
1206
1094
1165
1278
1166
1158
1178
1182
1233
1091
1284
1207
1231
1205
1144
1139
1181
1199
1143
1199
1241
1073
1149
1143
1287
1062
1080
1291
1245
1204
1209
1122
1156
1193
1157
1146
1229
1164
1205
1171
1344
1207
1175
1169
1137
1226
1152
1204
1185
1132
1096
1209
1123
1193
1302
1176
1126
1202
1132
1192
1238
1199
1242
1215
1157
1244
1338
1181
1173
1210
1193
1127
1220
1340
1205
1253
1223
1179
1159
1140
1361
1136
1222
1135
1217
1211
1205
1138
1165
1201
1242
1218
1237
1184
1218
1150
1200
1274
1168
1133
1130
1172
1258
1199
1267
1349
1118
1184
1150
1140
1191
1180
1205
1217
1091
1212
1224
1290
1133
1150
1175
1237
1214
1119
1156
1079
1152
1193
1220
1223
1144
1223
1192
1246
1190
1101
1066
1134
1248
1154
1317
1153
1222
1236
1234
1232
1123
1233
1281
1193
1222
1152
1206
1185
1214
1230
1195
1187
1278
1180
1204
1272
1384
1122
1130
1232
1249
1229
1163
1295
1146
1125
1126
1236
1164
1116
1187
1158
1198
1157
1190
1122
1084
1183
1091
1283
1206
1253
1249
1223
1272
1253
1287
1199
1132
1197
1260
1228
1057
1156
1183
1248
1270
1131
1171
1220
1211
1210
1289
1154
1183
1164
1234
1211
1212
1199
1133
1209
1244
1211
1285
1200
1180
1139
1258
1280
1165
1185
1155
1204
1201
1230
1147
1081
1136
1233
1270
1156
1244
1160
1243
1285
1123
1287
1217
1196
1191
1159
1184
1222
1086
1251
1176
1081
1204
1235
1175
1192
1253
1152
1225
1128
1228
1205
1164
1211
1244
1288
1153
1173
1240
1282
1161
1170
1129
1246
1164
1162
1296
1060
1207
1243
1271
1197
1184
1051
1259
1215
1282
1070
1202
1197
1203
1155
1103
1208
1228
1167
1145
1162
1236
1219
1218
1274
1062
1188
1180
1200
1408
1059
1180
1307
1217
1159
1207
1186
1134
1173
1129
1178
1224
1180
1204
1193
1202
1224
1147
1171
1181
1269
1183
1162
1140
1183
1227
1251
1150
1147
1162
1150
1266
1190
1203
1232
1169
1253
1244
1228
1292
1255
1158
1185
1171
1161
1348
1169
1153
1142
1186
1318
1191
1126
1166
1206
1273
1264
1200
1124
1231
1218
1083
1192
1236
1216
1179
1275
1236
1236
1176
1165
1196
1183
1156
1144
1218
1226
1211
1102
1154
1198
1257
1170
1139
1199
1168
1190
1235
1133
1099
1188
1257
1249
1154
1411
1192
1252
1221
1216
1183
1238
1188
1287
1268
1150
1211
1263
1185
1304
1189
1099
1225
1078
1145
1365
1110
1169
1147
1257
1252
1199
1236
1200
1174
1255
1162
1183
1155
1183
1302
1296
1141
1227
1245
1120
1149
1160
1127
1154
1352
1169
1217
1231
1154
1103
1242
1387
1174
1193
1239
1204
1088
1222
1245
1232
1150
1162
1151
1258
1293
1135
1343
1170
1230
1202
1160
1126
1127
1187
1172
1277
1259
1192
1255
1107
1222
1247
1177
1067
1227
1202
1310
1216
1136
1190
1136
1191
1249
1129
1158
1274
1116
1339
1255
1143
1106
1151
1314
1118
1140
1138
1211
1296
1176
1239
1300
1227
1180
1201
1109
1220
1258
1126
1228
1271
1216
1275
1238
1186
1135
1134
1089
1284
1134
1217
1163
1202
1210
1180
1171
1091
1201
1232
1155
1248
1295
1240
1236
1185
1195
1255
1201
1226
1213
1201
1186
1251
1187
1194
1129
1237
1118
1211
1210
1155
1248
