811435
4288649
2172009
3700917
1895133
-440191
383946
1266479
984054
1643007
-1062949
-716465
-803522
119065
-1402586
2566288
3639964
2511107
1465442
3411537
838685
-1580567
-148900
3827957
645945
2401973
1285706
1811175
1262411
867805
682515
1072627
37136
1786442
1551187
1186030
999934
-358234
2262746
357583
1273869
1969663
-262997
-2040781
4192114
-2443616
2361379
1207336
1449376
2258504
517256
-1621952
717072
-789454
2707289
1369007
1360267
275096
-763104
-695808
199646
487543
-692130
-1685084
-1390740
-2115181
475729
480308
-1545340
4186564
2093861
2151628
-866115
3775798
485107
3887686
-1292107
913400
1543833
-548705
3268415
884243
708708
1656485
2261674
7627614
3787904
470474
2463989
83941
3175990
908211
3835945
-1607684
2279165
1273997
2434818
2400597
-2201395
368324
2196459
174337
3447603
377099
-354261
-3745972
-1660152
3161682
-945711
1302684
242624
-292699
1877021
3126324
560265
772276
-461862
850651
-159422
-1387927
1284366
-1664242
4252969
2233246
4033079
-490168
-175587
-1224552
-1164178
1619081
1043384
-2636013
2819912
718470
2391187
1433082
-2604209
-1086289
2937815
402773
2363407
-410864
2138973
553758
-1281708
-3937348
4380222
1794061
1061922
1567623
2654763
-343420
600557
2730126
-1073823
534869
-521200
2693617
74469
-377388
2117985
756389
1485228
-141520
1448965
634790
2075415
136108
46795
-775674
-1364749
525736
-365089
125804
1770989
1163154
899143
-1139557
-3282248
-2672842
599386
3142923
782689
2387292
2427413
393070
5387657
-3348704
656650
1375495
1959558
-1487635
-193876
1459381
-71049
-1092612
-1085590
2263919
3040781
919282
1310861
-878896
933565
4730332
-1965695
-2053707
516181
481699
4058616
1232602
1569882
1017218
1247271
3877492
-1062710
1109843
-225540
541702
795382
-1400871
2843112
-2711778
-1017228
-188184
834645
1185951
1438115
-53319
384239
2155971
1358468
295827
-161532
2043296
-447902
-3661924
765660
3562189
2499977
-246342
3300584
2643149
-473436
-1031804
3886177
-2544533
-1283430
-2446571
-2789304
2055466
-48478
-1595318
845056
1758734
2089517
906235
-73470
1593677
624025
806694
363441
3264586
-635091
5502604
-2018498
-2205798
1178320
-1210396
-3454111
1817471
186173
153348
1203417
2235544
-1023106
982858
2940858
1529767
-2716658
1124910
-103543
1130690
-1725801
1337967
2840720
463080
2091736
2595306
-468
-3057818
-334055
-3111662
2691338
-1569763
1798264
3644225
1435077
206237
-261785
1406856
3157278
77508
-1057862
-733660
3326713
968914
1312030
1575579
-416736
-38645
484956
-287890
-1970439
-207442
-1283066
-2866098
-1041676
46784
-933649
1777705
374088
2344746
-1687319
1011103
4716702
17142
719660
2487975
1519672
-1671434
-156310
661523
-1109487
2429287
-1124103
-3078199
596627
1743702
1488047
-463234
2913641
1051409
168010
890812
2513678
-563132
1343919
4451839
-2425697
-1440152
-33276
-215960
1300791
1180295
-853927
2014672
-1532952
3589333
3385688
2581347
-726422
1113652
329372
424954
1925429
1436537
1785532
-459515
-1719976
2199188
1721893
-173567
-620987
-803386
432372
1584502
1110023
-585562
1404746
2905918
1050874
2818356
268238
3391842
2642004
2768445
2624547
1646358
1050940
-1602184
369590
-1527230
-248197
2851596
-2876090
-1310337
-1313769
-803855
4699518
-388561
539401
1200696
1168619
-357274
-702100
2159039
-1812864
2057501
2181470
234697
-3116628
1140842
1625474
-2086218
553200
460993
4674789
-538452
-2151359
53080
-110651
-35429
623158
2058563
-688321
3076169
2016523
1575720
993071
946237
-250058
4477433
215208
1512529
33568
-177511
-1243125
-9083
119189
2939684
-391742
2247369
-3564336
2286034
-1594972
-2552259
1086984
2394805
3818986
2484950
-214229
-2004061
2537303
-1519581
-3417000
-779929
-1210116
1477832
115447
155813
948353
-722339
1994385
1892408
3091423
-1701636
-2545955
1382127
-1339107
-200574
-311979
723008
-1209292
553766
1049910
1508012
1146264
832211
-304242
413035
3598832
-80283
-1145204
-1076329
-757958
-2875016
-94751
-1771227
-1679032
2236251
1972210
1156764
1452521
1193181
1701873
1586383
484235
-287884
-837888
2229896
2206222
-1430004
-2563168
5757743
596485
1652284
-309900
1402828
-1049289
1315837
1375996
1490171
-365622
-190507
-549152
-381322
1564223
-2048727
726466
4271380
2741604
414473
1248906
-1901623
-1773003
3892385
-2026958
540943
2889851
2395768
-208382
-401911
4336734
-182955
-96836
-226322
281158
3716174
3644463
2678479
1569692
-432847
-1393621
2972141
1985724
2010943
2285
3375671
395034
3458054
824603
-1453140
159423
-241653
2131271
-1085446
3013696
-1442179
-789532
4045153
-980297
550715
2785190
1713510
-644923
1661324
1294221
2449179
-3075370
536654
1290731
2035141
2528861
3055293
2173352
-1533297
4542695
-1868940
426526
1238263
1774706
-858593
1274466
109519
-584397
337527
-2311773
-251194
1197735
-2684638
-1007352
753473
1306466
-2685954
197742
2634180
1938704
54072
1304073
-1592827
-349709
2164085
-2251290
-1329069
-798181
-1937495
-1460910
1314604
-74210
489344
474739
-1113432
1609602
-2084444
1677421
-844829
838501
3609217
3597588
-2816697
2953630
-965075
1381347
1579342
-1031195
-2689830
2218410
3245229
-1212593
-2175085
173975
1147171
2300843
1265858
682398
2295000
3734033
2232686
2414121
-194358
-1823413
4249734
2458408
3303850
-2281674
5447792
2296271
-346737
1347035
1947765
1431177
-976733
593717
1907220
-1529294
992527
412362
-1152194
1207662
-810778
1433905
-372933
1356633
314231
6817
-302206
2779938
-492260
-433141
2106427
-1123051
-346051
69807
1090609
-2293351
312611
1420598
407617
534650
2945726
1869565
-3961509
710352
417985
298958
1902623
830588
-3915907
-637904
-3362746
3368833
-919182
1045585
-511433
1899974
1724971
3831592
-2650438
300678
-396562
-472891
541888
102577
-547075
280030
1560682
443883
2996287
241299
4257803
-1902692
2210275
2082589
-47191
910201
2674387
-1149477
3007065
3413612
2831558
4452715
239797
2827301
4436517
-3421
2651335
-1725603
950358
265225
-393464
-3272941
2780668
-2049235
6018169
3432538
2027634
1525701
-1660791
982692
-344461
-1219265
-2298386
3748561
1530212
1818924
853799
1687431
-745356
-1170593
3665904
4225627
1981760
2190597
515326
119628
24950
1800162
4420271
378577
2190330
-1617997
483490
-118381
1864888
-1478944
109623
2107390
5304548
2463122
-1043809
1567068
1856886
496173
-545972
-201459
2146048
-548010
2765502
1339058
-620403
-1593922
-308559
-861982
-2759617
1022804
3108702
2574952
1741979
1270302
282681
-1976034
2135667
599297
-769955
1511174
521959
2097174
3332281
4198044
928374
2950581
-1885297
510401
1150739
-360954
1884277
1799676
-494467
1862195
-2749459
-495176
1889249
2578961
2450031
1572654
624691
263262
1939653
-1323711
4506086
-403275
1576821
2185228
-2729064
1723155
581953
-515362
768065
298394
831151
2033080
466864
2788144
558330
-81425
900290
1912206
2008281
1374483
542761
4563560
2125897
4917843
-2097423
-129920
1382998
-653074
-1508797
4997238
-433559
726690
1175282
1530809
2780567
-859476
-340072
2018111
-871976
-798581
1889618
-2039283
879635
-604734
-255522
2003119
5144670
403588
2630254
4103188
-63076
341055
-3895678
3618547
3062423
949165
-136339
459369
-3572002
3531357
-450316
2107413
4365597
2449859
1862508
2432325
2844922
-1248180
583284
998672
-2223753
2464586
-3565559
-389299
2150983
496604
1050588
2369067
4054599
13175
143557
-166672
1044260
3419974
1309560
2849913
774316
530602
-2317346
-938651
-3558594
-2678294
3128240
991886
3666168
2063131
-621429
-937182
2403681
2191578
-990260
4751173
585869
2909360
-362271
-2437913
2564900
-16522
1228528
-571144
3598117
2186819
-944600
-121141
3482162
3529895
234196
-298144
-1751011
1335355
914184
763712
-2288187
-972724
4139095
4181967
1539143
-495302
2812565
-1313893
2636319
1677387
2115023
1354271
-3290124
-765752
636052
353306
327842
-2625014
-416087
-873456
4337982
2857979
3323995
-1003454
907609
2151226
-3684200
3378603
2740403
4570698
2578181
-3660903
1791926
369884
-1493988
1195177
1297251
-4022678
1500669
1157154
1862834
2247999
-1180627
3613592
-1341225
2454706
-261207
2502737
-589010
292601
3374636
1661967
1439163
1226068
-452744
2825148
-916943
-2287823
393189
