-66
-18
-4
-20
10
22
12
-30
-62
-10
-34
26
-60
46
-12
-36
12
-16
-132
56
-32
74
40
92
-40
-18
-40
-80
48
6
22
-2
-74
6
-58
38
-54
-34
-2
22
-82
16
-42
-4
-44
-6
132
6
-72
120
52
58
-30
-36
4
-48
-12
-74
20
78
-10
-54
-34
-20
-50
-18
-58
86
-94
-42
20
6
-78
-48
-28
40
-6
52
2
12
60
26
44
4
-16
-24
-30
50
2
34
118
24
-22
-42
-4
78
-16
-20
36
18
30
-42
-20
-44
64
-4
20
-8
-100
36
-18
-54
-102
14
-74
-26
12
30
6
-64
6
24
118
-10
-4
48
34
-20
-68
24
2
22
-30
40
-24
-32
70
-48
-32
28
36
70
-8
-94
58
30
-52
44
-70
6
58
-8
-62
2
-20
-34
34
38
2
46
-8
-8
-20
-68
8
-2
40
8
70
-38
18
-66
14
48
2
10
-24
-8
-82
72
38
-2
-20
-26
-66
-116
-18
90
-50
-22
6
40
-58
-24
-60
82
-52
-52
-18
38
40
12
80
44
-80
-76
74
142
-14
80
36
50
-56
78
12
-16
-4
36
0
2
8
2
4
58
-28
-12
-8
-16
-48
50
-26
52
-18
-32
-54
-12
-8
86
2
-22
12
2
64
-154
30
-14
-6
-16
22
-42
-16
76
36
10
26
-20
-48
-4
34
-18
-36
-80
2
50
76
-66
-14
46
46
-74
70
-4
-6
-38
28
16
14
-14
0
54
4
-14
10
36
70
102
2
-68
-30
-28
-6
52
108
8
-16
-42
-6
-22
-42
34
8
24
-76
52
12
12
20
-28
26
144
64
-22
-28
-10
-50
0
-50
-28
-98
38
-40
-106
54
72
56
4
68
130
0
14
86
20
-50
28
22
-68
64
-68
-50
14
-40
-14
-14
38
-2
-26
102
62
64
28
-40
18
32
34
12
-66
-32
-48
-40
8
14
68
-84
40
-48
30
-26
42
26
-30
110
-46
30
-42
128
14
36
72
50
20
-2
34
44
54
-38
60
70
-4
52
0
-28
36
-54
-16
34
-20
-84
-8
-58
-152
-62
-76
-60
64
-36
-2
-28
-98
14
32
-80
44
-18
34
46
-38
12
110
-28
-48
-48
64
-102
-2
80
54
28
20
-22
-74
8
-12
-26
-26
-20
-46
88
0
24
-48
-132
-14
-16
-46
-24
32
-10
18
76
-36
86
86
42
-36
-14
-86
40
32
-6
-24
-12
58
74
10
-94
16
16
-20
14
-74
48
40
6
24
-50
-8
16
-26
62
74
36
66
28
-28
-24
2
10
-34
-24
16
30
-6
114
-2
56
16
74
-76
-52
-8
-92
0
14
84
12
-90
-26
-74
100
16
44
-2
-126
56
-26
-82
-20
-36
-130
-36
26
36
24
112
48
-2
-18
44
110
26
104
-28
14
-14
82
-46
18
-30
0
6
-68
4
0
-80
10
-56
24
24
40
64
-58
-102
-12
32
-10
-26
-4
-12
16
6
26
-2
-4
4
16
48
-14
4
52
28
-18
82
104
-50
20
20
-14
-22
-64
52
94
-46
40
-80
-108
16
0
-50
28
-22
-14
58
24
64
22
78
-12
90
-6
50
-32
84
6
64
-10
-16
-16
4
-60
50
-62
-54
62
-100
-50
-22
98
66
-78
-16
24
-32
4
64
-30
54
-30
142
80
-18
-54
50
0
-54
-54
60
42
26
-70
66
22
-66
12
60
0
18
-14
-14
36
40
-44
32
-20
10
6
-20
-44
92
40
6
-68
-50
60
44
8
44
-12
50
8
4
2
-44
-10
28
20
92
-2
24
32
-56
100
-82
94
22
-60
76
0
24
-6
-10
-14
22
-58
2
46
12
-42
82
6
58
-14
-32
-36
-34
-10
64
-38
88
-82
112
-56
-16
64
14
-108
72
82
64
-118
26
22
22
30
-46
-120
82
-36
46
86
22
12
8
-28
-16
8
-42
-26
50
56
60
34
-46
-44
-42
-88
-46
52
-58
-34
32
68
60
-42
-72
-96
14
38
-42
118
80
26
-36
18
6
42
68
-44
22
36
40
-6
108
-4
52
60
-26
-12
-18
-106
52
18
0
20
18
-60
24
-60
122
-74
-4
-30
-120
-42
-36
30
32
52
-12
62
8
-38
8
-20
-4
-56
-48
4
54
6
52
-42
-34
6
-14
12
48
-40
-66
10
-28
38
-12
158
-92
-18
-76
-4
-42
52
44
44
6
14
40
42
112
-98
-22
74
34
68
-12
0
36
20
-14
-130
10
80
22
82
78
-16
-4
46
8
-92
-42
-2
84
-4
-2
-42
-8
12
-16
82
26
28
30
38
-48
-10
54
32
-42
2
22
8
-18
-8
16
2
98
-36
-56
-20
16
60
50
-80
-4
-78
62
34
-62
60
-50
34
62
28
-18
-34
34
48
-12
-22
26
-142
32
-14
12
-78
124
-28
-16
-2
-14
60
68
6
40
-32
-54
-32
14
106
132
54
1
26
-40
-72
-58
18
22
-22
40
-76
6
-16
32
-60
-32
52
-24
-88
-40
20
-36
-66
34
22
-26
20
10
-82
52
-18
-18
-34
28
-112
-12
-64
18
86
34
34
14
-22
-12
12
-34
-16
-12
-8
10
6
-2
62
-6
-90
130
-24
-20
58
22
62
54
8
72
-14
-45
-34
-14
-54
48
-28
-8
