-2096221
596539
-2971419
-2577201
887213
-5630954
886742
-1118522
1119217
-1094473
-820339
3348804
-5795610
1060529
-788730
-1927210
1844194
-1234526
-4122401
2489504
288737
253244
-1166027
-2450486
-3932771
-3004117
-2392515
507508
1186763
-6522931
-3881392
-1874378
-1415706
-1488987
-1291903
-2224380
-3304072
-912156
-3379281
-2745089
-3202272
20717
-30449
-1657951
-4882255
-2514661
-1651531
59003
-1210071
215956
87634
-4765747
-4379367
-5947660
-3005467
866904
-1955029
-2246990
-1654962
-3105425
78218
-4359671
-2208829
-4628479
-3621404
890904
-1187698
-1242846
-1747005
9945
404261
-1476876
421319
-3035750
1389436
-2050079
-4629038
1602453
-2388264
-1372439
-1491661
-2653483
-1059584
-1303990
1860447
-2166051
-1211022
-2986995
1424542
-818911
-1245056
-3492110
1108300
-942598
5316758
2525181
-4397426
-3823412
-3025341
22577
-374860
-796801
-1470087
1422134
651346
-3968543
556897
-2174112
616140
-2704676
-1910965
-2415578
-2959480
-4335352
-4243871
-812802
-28283
-2251593
-2625709
1617014
-142552
1906029
-690868
-1619689
-1725903
-750580
-3376287
-4215570
-3074882
-2616173
814268
-3067585
-1633456
297868
-3012085
-1806346
-2168860
-253300
1939839
-1326267
5446318
180511
-1395220
-1061733
-3523063
1430454
794807
931007
-70145
413317
528310
-2137585
92771
166831
-1609766
77187
767271
1919403
-1470716
-3453110
-1964475
-1128848
1614911
-2272583
26282
-1958122
-1014261
-1551831
-682321
655133
362027
-1611015
-788472
-3829195
-509484
169600
-26892
-2166514
-921037
-3020993
73062
-2673865
866131
-739308
2757948
-3748190
2689381
1998465
4227885
-3726863
307692
-1831354
-3917477
2016169
-2280296
-1512899
-352882
-3553486
396815
-2125738
-3531404
2747970
2006392
-1405878
-870788
-91997
-5805703
-929518
-4242525
-108018
120985
-5675271
499731
-3627177
2860486
-217879
-2383841
-1146403
317817
160548
-2182694
-779935
-656795
-732709
-1845843
1744911
-2692364
-1914948
-1075947
-1718783
-1514368
977811
291917
-4809614
-1205464
-961964
-2377324
-2980856
1224534
-2803530
-437793
-2200534
-2390098
2531342
-1129253
-3161176
341200
281602
-4525397
-3891694
453686
-2693870
-1057649
-223901
-1952045
1252325
-677900
-3046004
-966368
-2453120
-2230035
-627184
-1405774
-50521
-2893055
-1964970
-196991
-2033863
-721365
822574
-2531193
382292
-4017860
2854399
-1547739
-3220680
-2648840
-2019013
-2992506
-1139939
-655146
877061
2424
-118063
-1722130
-483404
-1278516
-3358825
-2498800
1644421
178227
382334
-4433512
-1706857
-1039258
-1145744
-1278752
-842830
-4315427
632985
-364116
-4402512
-2433020
296704
-2130775
-2895176
-828620
-205015
-2451171
-3843645
-4744174
-63007
-1493477
-2378123
-705088
-1434110
-385899
1340060
-446387
139175
-1194686
-312564
-877693
-3713949
-2784613
-1663007
-1617926
1111169
-1041154
-1154956
509249
-34558
83162
2060786
-1128588
-255988
-919932
349344
-960034
-997968
-2677984
776388
-2241975
1471914
976351
-358478
-3476551
642681
-941665
-489232
-357925
-6512364
1272622
-2793697
-3066050
3134953
-3166956
-1223824
1169759
-1355764
-4389396
476597
-900678
-745380
-3818173
-388476
-2853155
1023911
-2496416
1693488
-1024882
-3737829
-553190
-856803
-1748422
929909
-3219593
-1938337
-1412325
382335
-4807751
-3303004
879468
-2053290
1395431
-6572033
1545577
-2420635
-1471686
-1302701
-3229397
-2815223
-2106180
-3235778
-2162721
-2818160
-2043224
-994873
102577
2101898
1408277
1362780
1945569
-1384279
-2578439
-1697489
-3335866
-3660709
665704
-2705675
512083
-3262173
1575581
-2082432
-3029013
-1318340
-879106
963717
1250128
224369
-1957814
-2846589
-222319
-1872786
748549
753314
2734383
-1311390
-662836
-1201460
-4000666
-2702427
-1165134
1007838
-4466264
-1236233
-531088
-875344
-3023244
-5032350
1078123
-1255067
3491364
-1404046
-519817
-1294912
-1348855
434768
2203263
602234
-1140976
-2499058
-1610475
-2163406
47706
-2579189
-1704381
-1153710
-511854
-2662228
-522616
-2601108
-1633685
414649
-2373288
2153010
-1105168
2637037
-148350
1078949
404776
-425411
2823600
2021754
-1422578
-6950725
-1607101
-3051693
-251357
3254930
-3212759
-737670
-1984604
-1901872
-1522486
-4450222
-2917290
-452806
-482002
-3488518
564471
-2282841
-187970
-2240600
-491256
-1135216
-593516
-473639
-1995428
437787
-3565283
-3001768
-1376012
538986
-1680067
-1465948
-2153449
-2546869
-1305088
-9630
-1059650
2336297
-660849
-3058420
-1271225
-1570153
-3879954
-2497549
-2231268
-2614672
681840
-3076598
-4277830
-1707705
-586704
-4793263
-380088
-3427280
-836306
-2914274
421303
-925393
609298
-2998012
-2531946
2468201
-672163
-5790786
-1284126
-655854
-705209
3541969
1051763
2211980
-1269408
-162840
-2220229
-2174769
-1738767
557962
-539036
-1717591
-3703172
-1350998
-3551865
132363
1261306
1242744
1164573
-2708004
1222766
-4371621
-3573276
872616
-1422248
-3039279
4092854
-1542067
-277456
-287187
-1993959
-477492
-1630573
-4112157
-1840133
179682
-340933
-183275
231937
-2449020
272978
-146567
-84536
-1006766
-3769719
-2108371
468928
928686
2402749
-2837387
-3836884
84391
-4482095
127821
2134943
-591688
-882160
-3101174
-2167952
-2713505
697243
-2556947
890398
96636
1195822
-3363627
-4282023
-738812
-3376961
-3917739
-1947230
2244260
-2010993
-2063599
-323695
-1808006
-2114962
-1437307
-2001153
-1756634
-2397875
-1259858
1012068
2632102
1229244
-1522666
751576
-3902275
-4075320
-3328007
-531386
-938693
1213701
-3649872
-2064521
-1998357
-2618501
2238571
-2758923
426515
-2579415
1806293
-4046247
-315948
-1230253
-2906772
-5045014
1136980
-1335340
774057
1043120
235872
2435651
-3133209
7013
-2327555
-1905684
-332176
-1251718
-1162792
-3343120
-3174508
-1723315
-1278321
2025174
512180
-1323709
443006
-16652
-2979069
-2731473
-3397058
-718289
-1503410
-415366
-2300293
-1349145
-267793
2244146
802074
-4185521
-4043459
-2441926
-1979072
-5296801
358453
-4778741
220881
-2135193
1586591
-335960
803262
-614734
-1348226
-1095340
-557
1950458
1496297
-859533
50891
-3548353
-562070
-1001706
-4904190
-728454
272768
90346
-808926
-2658778
162537
-939889
347614
-4323893
-992239
-1819293
-1277856
-1856564
-4468092
56777
212499
-2030963
618604
-1177228
-1103880
-59905
-5037989
-1300863
-4539548
1370449
-2277704
-4028612
-978253
1682624
822800
-1029726
-1559007
-2313937
-2161608
5658541
56630
1657646
-4164232
-2204585
-1342499
-983769
1858220
1077888
1722385
-272823
-463792
-4356472
-904689
1293190
-125509
1405042
-391676
-2149757
1755542
-4291708
-4118751
-2133065
-754249
2813127
-718459
1333965
-2703213
121278
-3156509
-2333441
-2891873
-1744779
-2302849
-2642115
1117732
-5151288
-1295641
-803454
-2549546
1341305
-2369720
499189
390093
1656032
-5686791
-2528782
-1067437
1644630
-1281112
-2340037
-1973841
-403664
-749217
-2474959
1168700
514155
1447105
155229
-1568345
-3389415
31613
-564321
475299
-1576105
-551705
-2122062
-3204073
-733733
-547938
262217
-3750375
159788
1397842
-529720
-1828547
-244218
-1904491
-4443575
-2645620
-4031250
-165792
363234
1730359
39292
-1668581
-1501547
129228
-1287771
1277235
-5594404
-255991
-244292
-5787018
-611753
482030
-1813024
-1434512
1439684
-2884262
-489544
-4573693
-2131363
-2259966
455166
-843426
582705
-1099126
732504
5126498
-6273183
-617666
288442
-4018330
2004600
-4308086
-678113
-588627
2977949
-738941
1777435
253020
-1425642
363248
-2321697
505153
-2048943
-3663355
661550
-517041
-2057773
-571676
-5469009
-2909812
-1572720
110844
-1726676
2119588
-4945085
-1451985
3261004
2994070
-1589635
-2734705
5472
116183
1843575
-1610635
-2874
-3058083
427458
-2902945
1133579
-2994983
503548
-4450480
1078358
-1480478
-3993532
-1505322
475774
-5687636
-622076
-345728
-3421954
1623140
376049
-675279
-1365655
-2384111
131074
-375080
-470896
-1803400
-2150212
-214965
-349733
-420196
-3476260
-1399853
-2896628
-3916365
-2284710
-3371638
672348
447451
-2030791
4066524
-30461
-5133089
-465259
-2233967
-588146
2094408
-3066533
-1287064
-2127718
-1223836
-1245546
40757
-2861790
-6783601
-1813322
-2770610
-4431479
-1309145
606307
-1148246
-4503903
-1458659
-575365
886945
-2361666
-465624
-3769888
1055151
-1845290
-6057987
-709973
1162011
-740484
930002
-835584
-2222893
-1164947
148238
1691271
799872
-3522416
-4361473
-1831440
630463
107506
653273
-771009
-1830783
460236
-1418634
2773750
-2356804
-1444998
-2705215
-1017514
-1312710
-3547016
-2811751
-1145982
2596699
-761359
-2331582
244373
-1297696
-817236
613815
-3762602
-1885853
-2084149
-2732126
-2073668
-1030984
1692486
-1529550
-1205152
-2225945
-3365234
2348276
3896232
-2013648
359940
-3761319
2286938
-538298
49122
451685
-3023511
821611
-2828877
1863122
-1337926
1319945
-231418
-177527
-1882079
-1226026
-534188
-3702837
-1978911
1103723
3967946
-1428286
-1808782
576714
-921324
-696969
-768967
917525
3226653
389505
-1650267
-1310474
1546949
-1230705
1005578
-1593504
-1106552
451157
-1471154
1320293
-352552
769295
3803143
-2330690
-3694243
-3063206
-964862
-4292414
-3365964
-1484386
-3383472
-710004
578643
317135
-241483
-1027530
-580166
-4360044
1550156
1022410
-1334350
-2425497
-1525155
-697561
-2792431
-1235847
2698073
-1245986
-1519643
-1878967
628784
-1732125
1104976
3443499
872146
-2773569
-3379147
-898979
293782
-3412897
2303039
-758884
-1819690
-1419600
1531614
1377791
-2755979
-699940
-1211026
-3542695
1176683
356610
-661433
-1033542
-2521034
-3198713
-841795
-1917361
-4224568
-793375
-2501771
-3014330
-590975
-2367489
-827389
725101
954264
2704842
-2152814
200760
-603527
-742690
2459718
-3069638
-1864913
775358
-6008018
-992045
-2378963
3443037
929891
-2849260
-1777558
-1191400
713814
-1498416
316984
-2110670
-3573037
-463666
393062
-603120
-1173727
133197
-1545570
769632
-503387
1178149
-725302
-970131
-323041
338834
-1379298
-713687
-159849
-3253657
1187524
28108
-5051861
-2369524
-486692
-2533245
-87011
-774108
1760865
-2496944
55530
1010261
-2974220
-2082354
2430124
556571
-281545
-4131790
-3986967
2742561
-2693673
-2703189
-921233
-1217264
-1613390
-2540012
-2735457
-2460197
-254183
2836674
-1665220
509758
48975
-1172497
-10342
-6163018
38711
5107096
-2301558
-3116768
-4648138
-1988835
-1917113
-1149708
-2338550
-3737660
3080620
1109460
1874069
1244605
-5127562
-1455533
-2585379
3460085
-2635724
-3645759
-132607
-1709127
1567231
-1416365
-1168101
-2623009
-2696405
-955
1914244
488647
1024604
-1424645
845615
-2440772
1952169
-248913
-268794
-1741921
-314851
1311831
-1023712
362241
-4440777
411445
-1436440
-651538
-1594539
-2167553
1064738
-1541211
-3892839
-997716
-81403
-3044373
589826
-3658602
-2267277
-932998
-900136
1561335
134497
-5476944
-744278
-2655571
971178
-1034069
-2017497
-3359845
-1219252
678405
-2386684
400143
-1773362
-1434964
-2432267
-1670516
7015
-1242050
-2385016
-3004036
-1033730
1234842
-1232711
-1397145
-3199212
1415429
-50710
-169005
-1158399
1143993
-2007751
934863
-2261626
-595824
-5337878
-1568088
-1307646
-2488214
-1947728
2411340
2317075
-6149214
2795041
-470744
-2422778
-2062148
-1928334
-2606882
2038449
-5262457
-3995544
1200869
-642469
-2019304
-2121814
817946
-4564040
-647307
1617980
-2475819
78440
3088339
-100953
1321581
-1223335
-3063559
115458
-1596500
2452102
-348744
615454
-3810486
387155
502402
569923
2732182
-888404
-1861387
-1509231
-664339
773138
-945719
44743
1227851
-1055844
760255
4986750
-3458397
-1972078
178185
-7337387
-1861849
-2140048
-2834942
-3809205
-929871
-469689
2458999
-2898015
2615821
-1187115
-3400512
-2250899
-1099294
-1701721
215264
-2257811
-3417048
3285811
-1304288
1027987
104803
-2075823
2740704
-2797350
-2482561
84792
-2192118
1533610
-715270
-631655
-5318360
945307
-4504142
-2737725
-2354337
-859934
-1630085
-2849183
-2460095
-3507925
-2578799
108328
982078
1920299
-1357200
-1560034
-4064091
-2382906
1122423
399599
-2483879
1385335
-547272
-1180267
764441
3122117
232420
332144
478110
-2658525
1200616
-154601
899081
303505
-1306879
-1079639
1927932
-523183
28821
-1820296
1583833
1182973
-4250963
-1027849
-2067783
-1246780
1165084
1763063
1383877
93328
-1616033
-4073312
-873895
-821046
1390683
-3721698
-4438815
76009
-3043327
-3980167
-822751
-4124184
-1084383
-3246081
-1810848
-2318786
-480565
-283832
-4033452
-280558
-1123231
-869415
-339729
-1059280
180906
-3436279
-1720717
-2478071
-6850742
650632
888846
1938273
-1304630
-1760154
-1572197
642218
-1196674
-2003671
-1156705
2615707
-3890035
-722636
133741
1798196
-5259350
-2921523
1943716
2402565
1080478
2472689
-2646717
-1062350
-1471231
-2764921
1192074
-2974797
-3622623
-1208783
1913404
1624853
-2094820
-301249
-4231202
-1027854
-2578685
-3292844
-116687
-2209497
-664101
1237516
-719075
873939
-3429780
-2313334
-917242
-1816763
-1705198
567534
963119
-1036545
-1131804
419093
-1318122
294699
-1786124
409874
-669241
-2034578
845708
-1583978
-1962615
1992357
-1860056
-1640844
-98827
-4132854
-3122966
511991
431708
-1841639
-3717558
-5187905
-1799992
2585815
-916286
541543
668271
-2728679
786145
-3562899
-373329
3404450
-3262753
-2572930
-1352660
-955469
-109480
1257814
-984631
-2806247
-1917806
3066906
-7045
-1126742
2975005
-920699
-2075352
2854665
-3348148
823795
4942067
-163400
-709550
909541
-2147512
-1073802
-4246513
1352053
1416469
304790
-4643619
92284
-1338826
-3058985
-2759474
-1858546
-2390621
-35021
-321346
-1314636
2313634
-1188471
1481954
2532536
211059
1742094
773421
-788557
-228947
-1254294
-383218
-888604
-1090531
-1497379
-2260929
-875654
-296760
-3732147
484992
1768366
-1950875
-88380
-3152306
-1427641
-2732559
1107998
-5223150
714122
-3433836
-477353
-143513
-722148
-2041198
-1003896
-1912125
-830193
1692615
-2288620
38812
-2217904
291749
-4616959
-2345309
1794114
-636803
518945
184726
-2947673
-1423792
2167031
-3964715
-1027685
-827683
-608571
1404529
-2667292
-2335061
-579739
-1162672
-460609
705082
-3099053
353351
102671
-2854792
-1093211
-2345577
-1426682
-619259
-1115856
-2321743
1373995
-1322095
-594649
-3034293
288194
-819602
-3625634
-2882092
2874506
-378635
-640589
-2713273
591148
-1807130
-5420698
170312
-2170332
-1363572
-683685
-2145546
-329797
-1180710
-3852735
-3994060
3077154
-2194515
-2753547
-1993175
-507448
2567698
-451496
224366
-1410649
-3873588
-3058586
-339694
-1960971
-2522687
-6563407
-1086707
-144010
-104127
-382387
-59300
-1603312
-435129
987037
-2664837
-4363633
-1872715
-1044044
-1496225
-500454
-4269420
-1720699
-4207701
-2977117
986803
530889
1175045
-2818446
436894
2784411
363126
-1791307
4039202
633035
1331009
-2326150
-3517159
684841
147797
-2354780
-2934046
-5358104
-1177977
-2720411
-3835698
-1516805
-1870321
-4934827
-1938362
642990
-6320381
2559154
-2285571
-2686946
2788940
1471785
-3783935
-783183
-1705943
-5006935
24597
-5018273
-5120476
-2097306
-1647762
1125860
1857702
-1368322
-550108
-3433459
-3291246
-945128
-598603
-1945361
900037
-639742
-2335919
1827731
872896
1415440
-1782777
1577306
-1550743
229833
1077783
-382307
-2273811
115871
-1090531
428117
-5245298
-595206
-895975
938429
2157212
-5639314
-1313086
-1360655
1746791
-134667
-3182795
-947281
-977716
-158406
-4150256
-2057623
1062836
-3680197
-2560996
83835
-3130197
-1136134
959935
-2167291
1407009
-1997089
-1214400
-983897
-54999
-733838
-847957
273419
2476594
1192147
-1934981
-3665774
-985759
-1225433
1967458
-3565976
-195675
526558
-1932160
-422540
-1217093
-2852362
213882
1007085
2841235
-2550410
-2022969
-3717404
3082560
690934
-3085434
-6186183
979976
-812466
-1486104
2367273
-4330300
2357238
-2946701
-2429201
1285624
435464
-340549
-2630311
-3946737
-4023181
379705
-2031568
-2197340
-1513804
604223
-1569120
1191753
-3598796
-1321810
-1611653
2310171
-124054
-492253
-486828
-1959638
-2187788
1494401
2076651
-1732757
1183908
-464300
-3507582
-3280107
-1003369
710236
-346919
-1657347
2862013
-1198281
895462
-1181027
1968059
994633
-2707607
-2000564
-1175340
751935
-5684643
112007
-1683992
-4782480
-2027254
-1587178
1968159
-2036803
-169148
1553456
1269956
78363
-1407499
298748
846177
-551148
-1600649
-2014814
91378
-3212531
-250168
-2891052
-2285715
-710344
52821
919658
-1957288
-780322
-743492
1109143
-341736
-2148594
-1793727
-1438755
274749
-5446648
-4868216
-2139790
-4018256
-5072001
1273374
-1424331
-521387
547784
-1331976
-2133680
-3825236
564135
714850
-4066672
-2250673
-2116581
-3097835
-866448
1371369
-1330895
-192645
1468963
1455085
-2711458
650743
-1077188
1103298
2244823
-1383979
-3378684
-3578523
1421824
-1077709
-788713
-2720435
-1761697
-1549846
309776
-2620918
-1415812
-888866
-990110
784215
-837214
-587169
-1316713
460718
-4056563
-2558221
-1898655
-1496241
-333609
-818288
-3618873
1281101
-2855462
302038
-9043
-2071412
2081536
-2754971
-1299380
-2486858
448739
-2828451
-200701
99523
1393662
-15582
-297700
-1589540
221811
-3396415
-342861
-1845693
2728756
-505154
-2031999
-3316677
282424
-2019876
1632840
1832168
-453040
-2985101
-1459162
1022749
-249302
-3044680
-1298642
-1185951
-2403989
-870776
605645
-2339133
-781849
-265604
-1918943
-2752004
-1466175
-1636882
-2820457
-1513733
-1560501
122124
-3708371
-1710750
1492201
675532
-4609520
-2357332
232644
714289
-2152167
-3654223
-2229863
-2999259
-3810853
2077357
819428
-3110951
-4217699
236341
-970535
-2018538
-489308
-1739603
-5703910
1136759
607325
1213041
1105578
-3084102
3755337
-156006
1770184
-1171519
-3475360
-3131840
-1716820
2419964
-2637663
-3733076
-898980
-1295142
-1769625
-2328503
788705
-1864364
3092872
-2507287
2713233
-2909902
517971
-1815731
595400
1061474
-68591
-1882159
1597552
3470944
-2048993
1427806
1235178
362020
-2704660
-2352153
-135356
-527094
1646047
-849753
-2205717
-994390
1073087
-2254009
2688734
-410679
-1741291
906581
964459
-296395
-303427
-3780872
-1179819
-4145138
123107
1885294
4722101
1214345
-415623
-2212628
-977150
-2130162
-540077
-2255366
-1071707
-1693924
-2613712
-1745708
159214
-3331980
-55122
428199
-1645998
-1187087
1208310
-291859
-1733201
-1676340
701320
1084497
1314333
-5211039
-3066905
5084349
246417
-957083
-1744599
-3779310
-541491
-2656770
-1038132
-1407619
89749
-882875
2571813
667848
86796
-959859
-1414814
-1320604
1052034
299169
783895
-1510455
-2738347
-2962388
-5109623
-965060
-1732260
-4841931
2319493
-229935
-2503166
980005
2700876
-633942
-3233101
238213
-2733836
-324667
-1915065
-1866186
-400273
358812
178063
-3463584
-3783242
-4039692
2755139
-2790965
-2112843
1141926
-2712205
-2327952
1278465
826110
-3097957
1993929
1046493
347128
-2170461
-1419505
-2369442
-2726479
1179711
-4704690
-738601
1527028
-1801521
-4098079
4610455
-677238
-599441
-847850
-4258672
-368223
1167616
-2944816
-235300
-506478
-1853478
-1304865
-3052491
-3707934
-3266663
-269620
-1694676
525345
-1373655
-1172147
-1508796
2615940
-1155599
2529770
-2500234
864767
-3379425
2910184
615793
-2217975
-845345
-564355
1812948
1356024
-1753603
-1790412
-2092736
580129
-929288
-3318071
-1806993
-386671
-2457234
-1335659
-4645767
2123148
-1963774
-1828495
-5614640
-967624
-1539447
-668657
1169669
3352416
-269626
-1691489
-112618
670033
-1878075
-661530
-3512640
1512159
-1379040
-2121625
-2303341
-1656113
1929448
-506244
389331
-48296
-1876080
717837
2334428
-782089
-968509
-3663226
-5064310
-554802
-1842889
-1241837
-1739180
3141039
-1582888
-4302901
-4818953
-1018846
-2368564
-1823890
-1716333
-2954732
1085479
-251607
1993832
-413684
-2294298
-753562
-2093896
-94904
-4204903
-1744920
2609100
-1733016
136556
-2215492
538932
-1172267
-5947469
-4460043
-1547368
-758910
-166768
-295761
8309
-1975719
159302
-1095880
2903249
-1031577
-2232630
1403771
-4515514
-1208460
-1603918
-1308771
-1547053
-1504392
-36112
-827288
-670434
-213934
2680351
178638
-2533564
154112
-1587867
534520
1670667
-1227539
-1709652
-2941086
-4179035
-2427494
-2481903
-1526475
986730
-1300148
-4440938
-2843078
-2763321
1939573
-1989288
-4022168
-1158861
-1205836
-2145278
-2047944
372639
-2526552
-1271338
-2731245
-1347104
399150
-1963854
-1496642
-4729552
-3808360
2263897
-2876224
-2716540
-4193215
1068351
-1526964
-37767
-279780
1220667
-2498124
1306731
-343935
-1865119
292322
1377657
-4168701
-1099321
-1328146
928829
1821613
304084
292970
902124
-1177688
-3540757
-2202278
-234350
-1006048
2131271
2558078
-1654609
-243710
2312233
-5699752
-1442173
2464942
-1776456
503857
1476878
1516398
530536
2220115
-1982324
-3241175
1512845
-2312239
-2636585
-3464141
-768039
-1272345
-990280
1858811
-451573
-2075613
1223079
1667460
-1414420
-695354
-1021822
137820
2075850
2784215
-3331679
1431178
-4581640
1729559
-1780855
-2142904
-847525
911592
1689547
1443757
752427
-3686613
-5929382
-5063181
-1424449
25658
469808
-5651790
1905060
-210334
741733
-2223844
-47806
-642471
-633989
422119
1039203
-4929767
-4934445
1598654
-987219
-1901511
-3921215
-2076737
1405706
-4650920
-1644311
120153
-723690
3977543
-684742
-4043987
-510805
-2406252
-2028680
-3603560
-4025946
-1321971
-3465598
-3992330
-1518154
-992785
-1424470
-2823669
-1555688
-613294
105224
246022
298539
518405
-4475740
928518
1715085
-4754560
1087786
-3671953
1468792
541911
46492
-1935664
-3533450
-444944
1054155
-3250725
-968316
383120
-290635
-3230963
-951405
-2247874
-1916264
-210190
-413281
-2677567
-3210528
-324077
-2124038
-1378286
-843558
-3335027
-1181427
-679143
1217303
-1181029
-2381082
-2483494
-4867998
-1042270
88658
-1567944
-435205
-1536851
1711044
-625235
3094240
297803
-1007344
-2558393
-3444614
-1114981
-680963
-31437
580753
-2573331
-606099
-3774469
-110008
-1154129
-1222636
-2542405
-1663747
-5026882
-1664873
-140007
823339
731221
870583
97725
585698
-471489
-235848
1286590
-1949527
-364344
145077
-4261118
-2596633
-1500297
-671789
1026204
-35990
-3512361
-324497
-2430518
1092630
939025
628287
-591823
-2040041
712059
-2494472
-2103916
-3641953
-1112791
-878085
-2222326
-4655052
1336236
-499681
473057
-1800716
-982231
-1408759
-1251843
-939041
-884415
3419801
42923
-1003163
-2633862
-1920753
-1853450
389574
-1236908
1917506
-111203
-2820503
212870
1073312
914119
-317444
-2189380
587848
-1394487
-4181030
862374
5697193
-1023324
-2094631
-3457638
356322
255781
-54843
-2832149
-2240439
-454146
-2283362
-2717142
-1756500
-542332
-320948
-1061615
-609842
-2273406
-1314477
1894014
-2056647
-533280
-3256979
-4721285
-551519
-311732
-1928307
1526896
-4128290
978806
-2246740
-4146102
611325
-2170985
400848
-1393589
-3375213
-1906290
-1698778
-1720745
701360
-2759301
-1111468
-1022132
-2406070
1277466
334394
-3542539
-733991
-2156329
-2902862
-1384033
-333790
-2177026
-1846995
1381370
-2370917
-1089792
-1442878
33708
217417
-745002
1697931
1123463
-2145965
-3143871
2286613
-1745804
749895
-1826128
-915023
-1682020
-4002144
-2637629
-1931398
45416
-1926386
-1050765
-1630882
-1456402
-914095
-1556859
3282445
-5286194
-1826932
201187
-4987281
970539
-2140357
-2215816
-1182186
-2156669
-1919684
4303615
-560135
-1638926
-338284
1459807
-2285341
-915990
675419
717381
-2274475
-2287261
-3195660
-812662
-2331139
-709674
1399609
150488
-6207510
2167201
-3346390
2064246
23468
-873891
-736165
-208090
1326644
-4583611
-1773256
-442445
-2092344
-1073182
1567263
1833126
-5759500
-2340975
1284708
-2810055
-2915476
114078
-2547064
-3523190
-431569
-1554366
2157572
-786115
-3148956
-196527
-3240095
-2480109
-2450417
-479699
2615425
-4439554
-556729
1625118
-1643471
-1507132
-125125
247177
-757973
-1779590
-2920738
-2156705
-3727108
-3898292
-4000008
-356365
-1868210
-4244654
-404168
-2395096
210379
26730
-965784
-2584024
-2493981
-1857431
-7652329
1104214
-1917227
-677810
-3049782
-1898767
-1797950
-483208
188708
-1231138
-1642713
1230958
-5576933
-1703195
1967721
-3699904
-2058584
132737
-2945680
510421
443928
-2911177
-1466497
-3070313
-4907555
-4477945
-3762424
4286776
4428286
-2130806
-4177358
-4845168
1966917
-577950
-2684641
-3892797
-863073
-525147
2612814
-103427
1040937
60944
-3837804
2205144
-2984752
-3864618
521498
-2307091
-1205090
-3015344
-2655919
-1659259
-1733404
-1845122
-1885498
-1178037
-2417835
-2084296
-286350
-2690364
-1003319
-3837778
-1174203
-343726
-182337
2681784
1284421
957483
-1496194
-1302180
-3107628
-674369
-933034
597474
1876279
-1532715
-1011804
-3246961
-1117469
-1960523
-2566941
457840
130103
-1764151
-2577838
1883438
-978268
-1356986
-85832
-1938790
-1427736
-1356011
-2557478
1327320
295613
-217731
-691341
1607693
-5008286
-50427
-2975758
-708731
-969993
1328008
1855245
-2561589
-1465350
-2214383
1351899
1486937
1115041
-4887598
-1943309
-876025
-275578
-784677
-3710138
-2849861
-829883
-5270652
-2919824
145615
372199
769934
-1288670
1312790
-975181
-420012
-726832
421378
-1112299
673369
-706948
-2773827
-1271765
866256
1412761
-493255
-549370
492188
-71320
-4182292
721730
-1626184
1369954
909726
-4811101
-2309083
1134140
363882
-2060212
70258
-2021541
1089379
-2804552
-1535648
-1031982
-1132932
-134801
-1808758
2442145
-1051428
-3564856
-1646827
3235367
-1191962
-1560148
1667973
-3392160
659631
-264560
-1168422
-172684
362479
-1016187
-4496944
-1355897
-3004235
1978059
-4988448
-1456077
-37649
-1214662
-646518
-1057714
-1301559
606219
3649709
-2645482
-418963
-2953170
2554063
-3501366
3445507
-2869579
-3571313
-1581879
-1204691
-1760810
660889
-1302263
1985273
320681
-3326060
-629371
-2037396
1443748
-2450606
-459376
1069566
-1412690
2868538
1869059
-748063
4502699
-4227359
154695
1240961
-398580
-2428126
1377403
-120410
-389022
-285160
-1096571
-4840850
-4695224
-4895194
-659969
-2036162
1386638
505144
-3976204
-1906586
-1375834
-3356728
-3373901
-687771
521523
-1313729
2627465
208342
2325487
2360678
-710683
1804196
-2166442
-2203681
-1301210
4678647
-3385134
-3014480
-2037250
559965
-1372780
-3364953
-2112554
-1507501
-2111880
-2672456
-917680
672536
-888419
264821
-471671
-1965964
-5106559
-1639299
-3994508
-753467
-2844299
-958353
-1809601
-1860724
-2948182
-114806
-323034
486474
-3924605
279450
-2475869
-2729585
-2025942
-2017912
-635104
-2272564
-4246230
-2803266
-2289218
-120957
-1241197
-2742878
-268053
-3841002
-5999978
-4479362
-4309799
-3657692
-971911
-2635692
-3513788
-2141505
104786
1829906
-3831805
-1698590
173920
-742511
-4006905
-1760768
610110
-3214493
-286411
1162274
-1368266
-1962223
-1396623
-3329915
-799236
370739
2850591
-622585
511264
2403724
-1304851
78108
-3350861
-4648532
-1744130
-1206332
-2109440
186200
-5756056
-284404
-33528
-1908812
1611248
1406129
-468116
-1643498
-3994931
-1911336
-1663469
-2210689
-67742
1446093
-1512042
1110789
-3668407
1210554
-1206190
-1507452
-2241911
1936317
-793638
-1615283
-613716
2374066
4328340
-674420
1921820
-4259298
587914
-2953518
-1378595
-3404444
396808
-2189620
-172418
1580540
-721762
-878041
-552917
-967464
1609978
316640
-1159268
-2617328
3745407
314074
-1441932
-1464665
-1383217
-1145635
-3070160
-393397
737374
2331214
-1184732
-310231
-1380754
-683125
-2509622
-5494981
-2154332
2938222
-1754965
-594488
-3423892
-2287930
-1265861
3082468
-3508609
-392265
-2810650
1407907
-907626
-2059064
-62655
-2350115
1330599
-2060976
2172829
2278685
2100913
-6003777
696917
541458
1261495
-655592
-1454578
830732
-4084972
635206
-3591629
1251
-624261
1583599
-2419457
405497
-1816140
-542625
-1320948
-468665
1846236
-4032932
790417
-1005228
-730645
-3069663
705362
-1947140
-1867411
-1626477
988319
-5562854
-154808
490086
313645
1494743
-658070
-1854528
-3727024
-4057687
-1564817
-2745255
-1094300
-709138
-152495
1619438
-3566544
1777032
-13156
-1583287
1188077
-1118512
-2137108
-4785542
1214340
-106463
-1234764
-949216
-17740
-3228685
1785264
-3219945
-3406985
1134802
-4575214
-2485334
1444278
-752855
-1132825
-2148320
-2639712
-435540
-1061624
-3502538
538265
-623857
-1257088
-6845
-1097922
2438343
-748964
-1812116
-2348200
-1699257
-1447372
-3013538
-544573
-769901
1643147
-1239593
-2762133
-2079959
1091903
-2798690
-1335526
1198449
-857263
-337222
-2490522
-2397961
-2537313
-1159317
1859312
-1505639
1667853
-412341
121442
-1327415
589237
1168438
1052433
-1450474
-3469283
-1767436
99214
-2450142
-2088417
-799485
799450
565852
-2347339
-3137310
1653692
-3109329
-2893528
-830385
1519193
-275913
-1865738
-3956345
-172859
-1880637
-1988260
-236396
187910
39573
4662811
-2683099
646026
748149
-2020403
-1907066
2906633
-1798440
-1172859
-2414801
-1475406
-1231666
-3633627
-886364
907888
-1874109
1324018
2923002
-1392025
-701808
-2694953
-1222034
2847919
-2283501
-1986408
1392303
2099072
-2594464
1591560
-470061
-2155153
1381454
-4116793
-1014646
889568
1167237
-2285285
-677695
-1092296
-1971831
-737118
-932683
-2710751
-6989
1405324
-2865464
2015639
-1463798
-731729
-1709342
-1428221
-1598426
-1503940
-1319436
-1701250
-2832551
-893522
655832
-487862
-6295399
-3034847
-2699569
-2007249
-1262723
-588339
-1329275
-2034153
-1631966
4577
-2048102
-1779731
-1465092
-5902005
-2653887
-2761967
440557
376034
1862467
-1973764
1473305
-2871844
2838502
-746269
-312460
-2079479
-3112522
1237209
-1466476
-610338
267820
-927256
-4101914
-2931420
-1578275
-2999804
-1321221
-3280065
-1115306
2085458
383505
-3936871
-2799849
1045330
-712530
-3320481
-2006033
-598209
-2870123
723554
1287034
-1805031
-4797757
457859
-708463
-1967349
-1737440
2584073
-2176993
214908
-1437352
-411809
-2040508
-3554896
1681538
-3653053
3348112
-2710877
383214
-1872645
-2108635
235722
224364
-1341386
-1803830
-213413
-663921
-133101
-2710300
-2485034
-1983511
-3240501
-654534
-1447619
-3516897
633179
-713663
-886876
-1141732
-3403313
-3073828
726821
-443862
-1406999
-3209667
-1561939
-1597242
-4240815
-2257198
583554
1021094
-3194784
-1126357
259585
-550761
-2204847
-4308028
1770348
1236188
1071883
-1220007
-3835479
-2347663
1670552
828593
-2191091
-1992444
-4424360
-3040519
-1213063
-1038227
125897
-4310729
2174122
3076523
-435175
-2049741
1633300
3639667
-1412744
-5276137
826866
850781
-1252907
-1086344
496628
-2530598
-1363445
-419278
59799
-194046
1081134
972055
-2204243
-1675781
2820233
-807021
-1035140
-1805586
468994
-2678959
-4593665
-7622683
2383828
-3460004
1344766
1392783
-2172183
-1883160
-3122473
-2307020
3550527
-2450088
2619297
-2300796
-360951
-1419443
-4890633
-3442407
649301
-2758237
-456213
52618
-2174380
-2285236
-923211
-4118201
-251990
-799076
-4389705
-2053406
140543
-917118
-2476192
-167364
-880833
-936012
-2947588
-1004196
282455
-1489822
-1609866
-535120
-888386
1572635
-1636084
-3306625
-45870
1365345
1044425
-2357778
2412008
-1667561
-380116
-2054953
-280334
-1401596
32168
-1968104
-1285204
-4525976
1533011
341471
1786688
-1711465
-866652
1654844
-7869528
667309
-2146655
-2103205
-1412633
-2128878
592104
-3052558
-1882069
-2179375
-1775716
-924382
-2686297
-1235940
-3251519
-3769295
-1723190
-3701972
-3968058
381344
-1307299
2797489
1011155
1383120
-2985474
-3154548
-4168770
514635
-2632674
1081138
-5624873
-90990
-1604583
-1252885
955111
-2148670
-1831068
-3358774
-3608790
-631338
-1192501
-614389
-1991151
2352842
1147338
-1793989
-2600104
-1706527
-3889390
-4856486
427390
-390974
-12105
-1441168
-1134615
-1905090
-1877692
-2456621
6415
815209
1787470
2157097
2244823
-4839228
2030104
-1302438
-867473
-2154984
-610284
505632
1369892
-2381672
534699
-1905449
-88596
-5080183
-1019712
-1256649
385334
-2355342
369119
-2714937
-2823284
2511410
149955
-904678
-423259
26962
-1584282
773637
-1166287
-2230652
-423002
-279238
2154065
-60929
4313164
954639
-2416988
2059393
-7095184
-3563947
-521094
-3300594
-2341799
-4017962
743063
-2108057
617998
-2491073
-1356777
-1464313
-492264
-1064972
-1316610
193676
-2927345
930341
-31273
-3855674
1930309
-602914
-408546
-1394193
-2636605
2240754
-96014
875593
-5197964
-1567110
-2922172
-3153574
-2846069
1887876
-827996
340918
-923970
-2571227
-114505
756262
-824925
98905
123091
2503727
209816
-716310
2076612
967690
2439502
-2157776
-408229
-868187
-798323
-4569284
-2481209
-2934284
-197824
1178700
-802557
-716654
-1568083
-3277522
-2344082
-3857400
-3078536
-1728391
-392498
-1009262
-1881306
-3816072
-1670487
-1429429
482923
-541158
-807737
-2971950
-1226700
-1858037
-2692102
-758821
-1733905
713465
-1901696
437495
-952329
333645
-1245829
3680461
-1334128
4028524
-5509646
2395678
-2012327
2241844
-62651
-1021183
-2900389
-1304352
1402305
-1298823
971557
877680
515481
-1099513
762294
940802
-169539
-2031362
-3041583
2010451
-886620
-1609626
1327020
-866102
-1791910
-362387
-1348189
-1420717
1793802
-122966
3992410
-1863013
-2210773
503641
1297437
-3080884
-566490
1508656
-2591038
-1281173
967353
768731
1361203
-1552861
-4040030
149429
-1184989
-1131829
2705080
-4023102
-1673711
570730
-1166098
2379647
322316
-2327655
-1126271
-703203
-1532059
-765063
84832
-1575936
-457348
-1268643
895738
-230685
-1353083
1366956
-608229
-1329810
-2326044
2354750
-962125
-6064090
-2661766
-3389090
-1201655
-5405702
-3866733
149459
-6533670
277986
-1682528
-2174018
-4443511
-346346
-2495116
-4940934
-2718433
60810
333519
-79868
201026
-2034368
-789301
-956945
-3286261
-4119543
3508972
1841283
477048
-2975547
-3436648
941425
2434470
-174427
449821
1444905
-453817
-699490
-1904969
-2131239
-2138711
-1113596
-3768065
-1324380
-2389868
-4457588
-3211876
-609
895924
-5736041
802788
3480332
-7499163
-305107
-949217
25442
-820993
1293430
-2489564
326728
400361
-4948654
-765945
-785460
-12199
1317381
2131469
-1352417
-2896626
-2328151
-1455171
-1039922
-413848
-1537207
2276271
1010968
-3492903
-236293
-3988422
-831299
-1718920
-688564
-1960872
-1497596
223767
-347370
-1011980
842706
-1986542
-1022056
567227
-3370297
2024144
-2449272
-1394020
-5279521
-2128818
-2419232
-3413693
-425691
2285025
-2917624
41352
-2020744
-2817559
-3355500
1525991
153958
455608
-2649738
563857
-1497204
-329434
-2332296
-694685
-1386172
1177080
-118261
-4214973
622961
-1989997
-1137884
1521630
-671350
-352933
-3851656
756401
-990185
-2617991
-5218235
644865
1227635
-54586
-4107579
-3882235
-692058
-1260060
523716
-1706446
1466489
-2469318
-2404880
-1053052
372488
-1456129
-3695962
-120674
-1379678
1214392
-1130808
-964707
-3007341
-890710
-381047
-3945252
480771
-251112
1950232
-4304329
1764327
-1808236
-1134704
185049
2738946
-3783573
-152145
-2553690
-3563323
-3341048
770225
-1088143
1784239
-2975004
291989
4128815
-737410
-3375655
-3026299
-4192457
-2877809
-3746456
-2840307
-2099162
-2806239
-2254650
32085
-1825300
2311141
-2543720
1053799
-1636746
-1493494
-5441922
2362080
-2711220
-3275758
-5596981
-381894
-3683206
-1840396
-983280
75431
-2773811
-2181315
-2345874
5879359
-466816
-23678
-2955183
-2701927
-2372753
-882484
-1679839
22737
-3021652
-1036514
-768101
-2945389
892463
-3699643
-3008836
-964543
-1942801
2086026
-2599349
-1972597
2624593
-3845352
-1508253
-1134826
-1312367
597233
547857
2682742
-1647393
2248516
-536448
-227388
-4069801
3074751
-923977
-990749
-415471
-3048650
-3439696
1519518
-2891726
-2141623
-139570
-3347782
772773
-459833
976974
-3353081
-1810994
-1801740
-173859
-39957
-483107
-1332090
-129056
-1753213
-1339807
-3744080
-2221192
-3910785
731500
-2537166
-2542163
1230907
1919258
-1740828
14464
-1274290
-788591
693751
-805069
231662
-191347
-1458482
-1781011
742507
-197657
-1079536
-1146054
-747480
-4083204
-1411947
-2473483
-4754969
994432
-1656714
-2683908
-3244656
-3100643
-2010825
-2135432
-1874798
-2103066
-6143569
-1494168
-2226112
-1139917
-3225487
-577325
-1432326
-2227963
-956054
-2115263
-448940
-646252
331454
1811235
-2832302
-4331602
-160207
-2688948
-794851
-1159123
-674324
-1106886
4357299
-15610
-2700209
-1871579
-2581491
-2589807
-3169158
-1033904
2417575
-3098992
2984649
-668145
1062966
-2005654
-3095910
-2728360
-2759673
1486140
-1807259
-1839303
2405188
-665303
-4524257
-603085
-4836147
-2223335
1764546
-1301751
-4022539
154109
-2141028
-63852
-268712
-1385057
-2641703
2030454
-4759805
-3864730
-1868194
10087
-2115443
-3031327
-1586886
-2248230
-2358302
730381
2367602
742117
-542068
-2870082
-1445426
548199
-1884016
3064836
577684
1005940
-2294913
-2088447
1024635
488166
1325385
2964577
783095
-2029468
-6793834
440919
-668133
-278275
-1008422
-1123398
-4873023
-735302
-1151738
-3319425
-6612823
-1352688
1260029
424103
-2553211
-1330369
-330050
-92731
500517
-755622
-1434988
145194
-2131342
2977117
338191
-1390131
-1157791
-2804592
-2052112
-559004
1083961
377857
1627635
-4798678
477479
-4680587
-871977
-5060314
-1779345
115122
-3614821
1397757
-2359231
-4844148
-4682451
-2583646
-2469169
-3545735
-408232
200310
1709104
-2780949
-2565413
590637
-1714405
-60737
-2689180
-4199831
-3077708
279757
582985
-2005543
2027944
-2413863
-546645
-2747813
-2635532
3121799
-1666237
-959499
74462
399402
1190987
-1249327
-1236050
-1839076
-2480697
1175450
1974054
-1359991
-3834697
-1662997
-1213103
1472909
-2382589
-968809
620472
-2306757
406279
-154808
1480949
-1365364
2714210
-4235920
-3600746
-3185538
-2925
-138791
-4871184
616366
365276
-2222941
-3652917
-45816
-1081619
-1724016
644142
-1413416
-3667084
-278366
967029
-1794792
-4033234
2270383
-3048759
1301139
20850
-4050223
2393549
-1274133
-805441
-596020
-525370
-275147
-1275806
590485
1999539
-920651
1274445
-2671682
62280
-796291
-1185703
-1487932
3118133
-1774661
-1560672
-2277376
963798
-256201
2318992
-2022415
-1156473
-1656278
-1311395
990035
-2544297
-4002725
716734
1869978
2231751
-2019209
1220651
1205366
-1317461
823232
-3823890
-4823525
-1625460
-3128927
-1674856
-6682
-28229
1471736
-2655720
421706
-60181
2627555
-573071
792848
815137
-3924216
-627830
-2736260
-1563177
-663162
412008
3209861
1503399
-6364307
1317116
-1581506
-8479
-1107578
-2166543
-3942229
1668572
-1830839
-97077
2371569
-426205
-1656911
4224649
-4336509
-749831
-522816
-1204246
-3514116
-2706209
-1597798
-3858258
-993334
561186
-2385098
-465558
-137250
618941
-2056310
-192135
-232874
-3314812
-788490
-2620159
950636
1462112
-985351
117942
-1201158
1431719
-4726134
-959785
-1206921
1246288
1247748
-5608126
-2336744
45164
-3282047
-2485260
2183487
-918283
-633840
-4125050
1059458
1327534
-1723841
-2448811
-1659108
-999483
-322782
1661456
4621269
-3468594
230135
-1944683
-4095488
-986496
2049435
-3763609
171163
-656368
997590
-2932197
1880686
-1277973
1047645
-6806897
-472271
-1062205
115266
-393647
838331
-2181325
293826
-357733
1570094
-430521
390510
578835
-751774
353476
973215
559158
-1538479
-1244279
2095908
374760
765152
455998
2449170
-1229737
-852225
387738
-2161774
1617477
-2926024
-4159314
-1113000
-2681380
-2175413
-1969175
712991
2100864
-695503
3570326
-2113519
-1171882
-3628526
945099
-238029
-2002417
-1898967
-30741
-1654292
-1597701
-3576167
1135233
-323755
-2228904
-3534104
-1716360
396663
3232829
-4411239
516630
839794
-3199480
-2039979
-2230648
-1138410
-1416836
-81079
-2121337
-2476654
-1679130
-913115
-2312653
-2126497
1121268
-286290
-2535616
3707241
-939653
-3892574
-1136201
-1277303
-3041945
-5273499
1744033
-961302
4131041
794109
-732194
-3273050
-1372693
-1095378
-970528
-101769
-2580805
-2875361
800676
-395537
-527499
-3649666
-4366459
867457
1942563
-3063133
-1189459
120237
2742774
290289
-1381211
644511
-130699
-1115761
-2537314
-1792304
-1931179
-2892189
-2433111
1178963
-6035132
-1643647
-501030
-430106
-535133
-2471875
-152141
-1559440
-1174364
-5365187
-620911
-2728921
-1618269
109872
-3342182
-350887
-5658982
-920176
-751834
-2545441
-792787
-2086562
1128122
-2895024
365883
-4065534
-1698860
-1211464
-2089999
-1784811
503052
-1757163
-275839
2853387
-958414
-2884891
-1667618
-1372289
-194557
-1665703
-252277
-922588
-982747
-1939948
67115
-1918194
-3842163
-1159752
806868
-855729
-2402126
1055523
-2801148
157256
1827886
-1382503
-667699
2794827
759560
201189
-436588
-3995801
-1700280
3290592
2173662
3123733
1158682
-5497029
-891652
-2582037
-242403
-939245
2193528
-2464451
-712674
1277811
211163
-972622
-1206992
-1057828
-2243958
-2823367
2293627
-1277427
-2316693
-710366
-5421544
2971842
-3342343
-70924
-4245802
-228360
205978
-345949
-3129054
-467461
254792
2096795
724773
-3533141
-562837
-1825084
-517791
-1581824
-1836355
1606093
-896479
-3062995
-545865
-2990929
-3792247
-3182642
25865
3726020
-1876951
-3007224
366434
-4251229
-783955
292749
963645
-1792701
467259
-1986110
-677869
-1708315
-1759624
-447492
-623431
713045
-1770179
-768501
2419198
3015315
-284378
-442820
330336
-74668
-6046363
-2043579
-4038330
-1911918
1619384
1833172
-1005248
-3879
-750214
-3570544
-820125
-1786547
-3235083
-2646554
2791998
819962
-933864
-5487294
-817066
-422881
-623735
2211294
149889
-1623754
-473408
17411
-2023539
-3961965
-1053019
-6156734
-834101
-5118106
-2995788
-536812
-3972506
-3848209
-1020145
1298600
-1402099
-3023448
475431
-1285471
-6653970
3851801
-4129010
-2382600
-1390928
-2270491
-5532637
-2613949
-1764157
-2837123
-1776645
694985
545154
-2179891
-271985
-4900423
1146146
-1839868
-351580
-571896
-549877
-2556295
3238281
-515984
-1163281
-461238
1285163
-2509562
72817
-2456097
-2589181
751757
-1556176
1678159
-2323807
-2803512
-2280434
-209450
-1439398
-2100760
-1987111
-908821
-3404093
-201538
2196077
-5033138
-3270161
-3283922
-271181
997402
-6369381
-1119373
1056216
26230
-2155922
674988
-2446775
-2740845
-1900879
-3135136
-1889777
-4194792
-1000394
-1164494
-2159552
-791951
2837228
1056955
-491972
-860874
-2713054
-1636095
-3959216
-3091706
170974
-1542761
1345864
-1956530
-2749424
-2558902
24205
466098
-2633777
414861
-523338
-3051536
-542277
-2131987
480250
-2125131
1189194
-1887019
-2125636
2734615
-652281
-1419110
1333709
-618906
-1114917
3654701
-2037728
-5857569
915916
-297116
-1015763
-2825014
-1055595
2415533
3195483
-1832187
1612430
1956153
971745
-1238606
1363997
68364
-3698585
-2143410
-666428
-876007
-2184812
517616
-173001
-1971363
1394366
-3967365
-1444864
393360
789130
-5878728
-1334612
-272375
-4226696
-112836
502700
-2934143
1794327
-1621349
-1973280
880549
2126073
-987260
-2633999
2926633
228103
-2206470
1019406
64810
-3298833
-401479
56208
-1382
465470
-2147466
-2529023
336086
-261915
-1149575
2199575
-2626205
-4644124
786016
716716
-319650
-2177099
239995
-1951927
-4985189
-465749
1873424
971764
-298820
1385945
-1477375
-2470787
-2294006
-678423
-510660
-3878168
-3981808
-237718
1860609
3172019
-2115446
-707308
2549250
-757238
839524
-1136024
-623621
-485700
-252084
226984
730773
-2810900
1205985
-914985
-3342154
-1973706
136080
744313
-719529
-4340751
-2579888
-1461625
-1897619
-125534
-1038500
321517
1917100
-88699
-1765984
-2471998
-1354364
970698
1001259
-1791594
-1830299
640371
-808151
-52186
-306431
513678
-951095
-2910912
-3523934
-4700928
-519419
-480410
-2456463
-1899467
906757
-1920502
-2563630
-342076
2434595
-1756658
-727400
-1892339
872150
-1487593
2328330
-3224048
713569
-1512183
3191051
-1596527
-1439315
-1106665
-1858987
1325354
635934
-578316
99559
1757095
-360377
1274676
-2345128
-3493166
-3035588
-5622594
2821449
-580063
-2068024
-1942811
-2012755
-1403643
-816877
-257185
1186937
2254901
-755522
-1424950
2415211
2126932
873306
-1441743
-2733847
-926571
256435
-3198293
-2687561
-734192
-2409297
1320915
2010787
-1901201
-1286235
-1127431
577623
-2113950
-2609589
-3050512
640086
-2702602
-569839
-1886192
1058082
-3080765
-488724
-2164939
1413678
2862127
-1086553
-703521
-2553900
621465
-2246418
-2284463
475232
-3116321
-1276139
-471829
-538476
-1275784
-233122
-589689
-1374901
692174
-1454989
-1974467
-158734
1034359
1866859
-1266307
625246
9073
728542
-644866
-2664024
-3506791
-3427991
-2716833
-1141507
739373
745538
-34085
-2135124
-490442
2707162
-1707638
-3563623
1192215
-2638265
2834369
200333
1990885
-1296406
-263010
-2217537
-1336909
-3848046
-2160994
1667793
205472
1994797
-1630526
1778212
-887043
2302538
1013152
-551706
291536
-471900
-1585070
42376
-2026125
-238867
-909011
-2976245
258671
-1482008
-2449361
-2188845
-1694321
4341209
-4806594
-1339878
211274
-1726075
-2904378
-518326
-2540573
-3334546
1666200
84038
-1034973
1523909
1172147
-3967501
-2666682
-5762073
-181163
-1645115
2737358
-289772
1437772
-1971253
-2204572
-5329150
-986514
-1546632
-1642240
-604210
740934
-329023
602116
-2931267
-1594502
1646696
1412650
929422
-872176
971184
-1889542
1451293
948388
5162865
1223813
294968
4351
-659857
-346859
1374588
-1089164
-1127041
-1306845
-1001936
-2163481
-338371
-4864093
-1868164
-1742086
-510592
-1263529
149205
-1801543
-2340040
-3242666
-2238444
1202044
-2242391
-1493339
-1833340
1240967
-391594
1005666
-1277756
-2430020
-99114
-3512121
-597333
-3947980
-2242877
2779213
-4371421
-3421630
-1145711
-1730982
-1130742
-2884445
342136
369959
-1395805
1464057
-906270
-2742159
-2034092
1433780
-2161497
779080
-2546106
1141660
-1049580
-1653336
-3837148
-237146
-664005
1204935
1434784
-3650371
-2454692
-1566418
-1989172
-567832
2283038
1276367
2059348
-4811967
1046505
-3592739
-797245
-957344
505083
638473
-1635661
203143
-1136996
-2393331
1793257
-2705928
-1015036
-4265402
-1977838
-211218
2684734
-707372
-16730
-728673
-506954
-3292582
-1702061
-2727350
-2039222
669949
-2284430
-3848063
-555544
-1725473
-1046128
1402364
-2570732
854327
-155457
2526803
236744
-4082781
1487645
-1605568
-1625269
-2450880
2973916
1016266
-304817
-5467904
-2446819
-3986806
704391
-4475552
-1661928
-4977113
-3742029
2198351
-2339145
-52070
-1356715
-3598172
-1655039
1486926
245438
-437452
-106703
1347526
1760389
1157953
1698841
3731782
661109
347534
156541
-2749770
2152812
-5725854
-1150702
-1381896
-3723702
392845
-2254121
-1034071
-330913
-240744
-2316174
-1803362
-3151787
537133
-4954745
-1348038
-1475378
-885912
-130747
-2303190
-2253161
-479483
-3322317
-1516213
-65598
-2506700
-1648629
1358231
-393710
1423847
-2687658
-3598239
1534685
-2223912
1188998
-790915
-1190036
203419
-4998368
-2816443
1967467
-371634
2485458
1013214
-2234319
-3474616
-2777643
-1908209
1887190
-1038738
1246385
-558431
-397099
-1950470
2247503
1789874
2194533
-1131494
-1263811
-162613
-860954
-1735380
-910235
1135558
1015707
480160
-560140
-2911032
-849461
-703905
-3510737
329320
-596473
-3439008
-1197615
3218875
-4087952
1141635
-3052149
-2471656
1674182
-2544158
-216732
-1867476
-2787599
-2392161
-64806
-2358929
-805138
-58024
927320
-1142841
-2976554
350287
-1562716
-5754262
-2427253
-757828
155011
-1148276
-3232053
-1365866
263189
-1312393
-1367153
-5116918
-994133
-2110394
-727315
814525
2012611
-5414686
-5928975
-386507
-2456860
-486108
-521465
822421
-3993062
-436749
-40309
-4575004
-3105494
1947579
-61964
-1440320
-3811442
-4164439
-1925243
655373
77893
20982
22072
-3480607
378912
1515527
-2625315
-1943401
-792789
1316020
496682
1362574
-1615126
-1805011
-4450926
-413256
-1846001
-3734561
235750
-546329
-2618713
4004655
-3626912
-185154
-1422171
-963420
716925
1176036
808862
-985500
-1781317
-520315
-2335148
815144
536253
1057565
-2462359
-1124340
-530787
-3182728
48212
-501650
-2696453
1822787
1456754
1406895
861357
675876
83659
350150
-1445360
-6332697
-2319994
-1796680
-527096
-871227
-2896903
-3057510
-2134067
-410872
-3166701
-1268944
-1632493
-1607787
1131094
-1660442
-357173
1846593
-1007355
1502165
-967574
-3188679
-3259890
47909
-2218729
-1399258
-5075093
-1332279
-293675
-1794896
-5031981
-2815021
3116246
-3513548
954050
-181075
-3178878
-1360206
-2329206
1492526
-1626181
1941392
-1700364
-3516679
1535207
-2489062
-1521166
583737
-15900
-1310126
-3898469
-1276697
-4803690
-2810003
-156479
2405039
678703
689767
-4426208
114234
-2981035
-3326782
-1577720
1278122
417188
-1052193
786903
425784
1475258
-4006204
2210302
-4196869
564630
-686132
-3440498
-2748187
495179
2966614
-4048039
1635906
-1673253
-1975986
-7632376
-114510
-4794002
-1565918
-2867161
-623316
-1276893
-1974612
-201334
-882386
-1784451
-188829
-2598086
-1529268
-1199850
542956
161391
-44065
-2126021
-2063194
-306402
191688
2951859
-1613760
-3319494
-979768
1307326
127132
-276378
-2559432
-955415
-1990837
-369222
-911374
-554361
250920
-2581497
-2278926
-2913048
1625820
-2770966
-3108870
769107
-1821567
-669024
1417626
-1366138
1235042
-3511982
829314
-2900570
-3765430
459938
-1677374
-6519663
-3151380
136925
-194115
-4132317
2700369
-1141678
1850498
356116
-679621
-343710
184505
-2201900
-2315577
2376874
-100994
2292036
-4032532
-535780
-1650977
-2338325
-2170149
-3180150
-2190855
-1156440
-232843
141977
-4135070
-2905197
359138
-939805
-1963716
897018
-425255
-407586
-1606898
556763
536858
38551
574155
-3952516
-3486430
-852208
-3594052
-1479332
2347975
1600173
1813748
-474486
3183976
-576133
-2126077
-790444
-3221484
-930692
-2775201
94809
-3618117
-2106939
374890
640200
-2898632
-587559
-2145908
-433519
2531907
-745514
1781678
-4686713
434312
-4564759
-2726844
-3053459
-1030901
2791952
-730238
-2008329
-1230962
-3107831
-3137646
-1382151
-2594705
-4095326
-1926442
-2263911
-745136
-1360622
-3915320
-1741594
1429536
-1308488
56542
183086
999206
-1271269
-1831418
-588724
-2193373
-1682779
2311718
-1525501
2342549
-3541987
-2816330
1141541
-314669
920129
412194
697819
577541
-2048162
-1176443
-1327121
2513016
-3606060
103619
1154728
1748964
-3221055
-1281931
-1913565
684053
-927441
-256672
-5238655
329534
136414
-2584196
-1954805
4044317
680532
-1803706
4471358
1321156
-2873262
2552468
-2075390
1127896
1435761
-206348
-2078992
-954331
-389216
-1049112
1179823
-141973
-1724827
-2491650
-1189651
-1252883
-293036
107381
-1880390
1521150
2009130
-2133770
-3727833
569107
-1279168
-2477739
-4010811
-2246202
67698
-1953076
-2540222
1495549
-1538332
-4687811
1154802
-398400
-1042086
171780
-1517953
-169118
-141929
-3926336
-3035273
1672798
179471
1250185
594988
-4099515
-3745821
-2783180
-519048
-2244176
822264
373557
-1284877
558324
-419644
-4502549
1192723
-2078996
84184
539837
633081
-2101151
312020
-937099
-3723564
350247
-541130
-2002196
152220
448724
-4167166
-4072634
-836061
-1003402
-1889175
-2256912
513564
-862715
-1104011
-3898108
-3811818
-3986338
-1157128
609852
658532
648318
2735038
-3065741
-1829252
-2482405
-5573393
1351780
-3259336
-1917369
-2474901
-3287828
-918939
936070
-1349156
2212090
-2326482
-2252258
-1428486
1603248
-1437046
-3153053
1545195
1375077
197359
-1203296
-2163524
415714
-2156486
37772
-1926292
-2248089
1679213
-1723081
-1826106
39028
5412008
123027
-710255
-532821
-821140
-3187160
-208893
-822529
971818
-5092396
647731
-3274463
-240234
-892704
243203
-1346538
121817
-595591
-848101
-3458240
-301961
-3013825
1782890
-3135007
-2908070
468604
-1356003
-1973739
146409
-563043
1191760
2584837
839095
-2082124
-1798274
-2779793
-3961768
-3870897
-3365293
2132792
3798146
2122639
2601976
-1978993
-411687
-1656076
-1521218
-144725
-604194
-3353805
-1763732
-858147
-1015947
2088332
-4471478
-2513739
-731047
1994159
69738
-862295
-1582307
-571514
-2103493
716591
-3832428
-126520
1008577
-2758800
-1621988
-589184
-2953439
-1612961
2810917
-306967
629294
-2595888
-2618684
-372618
289511
-3224105
-1116763
-703206
-4146964
-1417436
469927
-2029489
-2420467
-3458536
-2445184
-4022449
1765047
-2551535
285103
-3570328
-65176
1288038
-608248
-2763139
76933
237892
-1674301
-4916679
-2354313
-2156842
-3737256
-1543960
2526374
-2538807
-3576212
-2525299
-3548508
3234715
-2268933
687255
765748
-338381
-4730409
-4058882
-3877606
-2537546
-2706690
-86923
1044019
-1489586
68929
-4618305
-6387667
-1006401
-443303
1220784
-3249583
-2152297
-836051
-248523
1423370
-523067
-681257
-1840124
1961775
2098133
-2040050
-1278810
-1051033
-3201660
-534369
312587
-1054135
681201
-933507
-3609229
1325090
671735
1301693
-54670
-1498191
-3854403
1031202
927162
-188463
-2239057
-4496687
-1696019
344209
-3579669
-1668224
433702
-2064776
-2434137
-2376717
-617089
750783
-245618
-1723698
-3789510
-89056
-295988
594997
-2700722
-1017573
121802
3145569
887266
-361221
725541
-1916215
-563513
-3555770
-1177499
1399500
3611139
2105632
1126586
-1084351
2866283
-3414997
-4043291
-1905938
-4393798
-1048244
-1810412
-2029194
-185240
4481383
-131456
-2583576
-1333374
-839673
-2701813
123746
-1344988
-3031571
-3592391
-4061633
-1319246
-1151439
148836
-2282358
-2545929
1841997
351976
1500109
-3443842
-507961
-2560013
-3957897
-744420
-36980
-433450
-1515915
-2609634
-5396755
-1846120
-535836
-5396403
755105
-140848
-1394476
-4085475
-33225
-785085
-2156475
-653840
-3088353
-477547
-3665379
-2339260
-2090683
53568
-2153607
-1693042
-4997026
-2345278
761594
-1012013
-632144
-3217683
1812062
-4157354
-4131179
-1726456
-3097827
-1816063
1151063
-2772856
986825
445985
537926
-1398982
6717
-5227646
-1461140
734891
-1115126
2130386
598123
-631098
28487
540230
-3049510
1174581
-833319
-2510971
352169
777305
-1842786
-4086352
-3759530
-186507
229885
-3720609
-3713814
2733142
-3405645
-3581213
-791653
402098
-3184067
-4284049
-1484350
-80269
93134
-1201639
-2446817
284877
27680
-5349974
-2956204
801775
-2135685
-3613449
553949
-340074
596553
-130887
1224456
-1678432
-2929128
-196406
736726
-699479
-3079836
-661960
-486115
-804731
908522
1982361
-1162553
-2866849
-5022824
-363593
-631081
-5413506
-2959635
-224148
981367
-2290113
-1065321
-1917361
-3315589
-1622588
-3241727
-3375043
1785019
-4139654
-982391
-492679
-3180772
875135
-1929113
-993351
1502201
132916
-350036
439285
-1295102
-460954
-2149196
-920186
698838
-1275680
-1067345
-3596744
-140745
-1522516
-2509439
-480714
-1234122
-569851
-464866
-1449229
-2736983
-307504
-4289155
-2965370
-2143612
-139336
-2519635
-2147354
1936029
-1290047
-1080308
-5032092
-3105771
-1248137
-821261
-4122818
-1043555
-371890
-2085749
791546
-1023621
2346128
3366727
2338911
337780
862108
166407
-310744
-626616
-1841428
-1371708
1454704
3007150
-6560728
-4541420
-4649506
584150
-1175061
-310285
1574049
1729538
-802618
-2621364
-538367
1058474
-468032
-1212266
3505344
-1293341
-2919777
-1570042
-2662881
409134
2778884
2353226
-632684
-1189125
22816
-215828
-2801999
-3838954
362224
-3866940
-1731625
-1407245
-52413
-883499
-2607141
-4271789
-1160351
1155385
-1762262
702314
371548
-1738251
-1787463
-1480363
-340969
-1885376
-491581
-569353
-2247751
547901
-1612067
-2084513
-207228
-2502169
-17674
-2038964
-3145955
-3556878
-4009443
-729162
85453
-2119287
-578908
-2243048
-4130348
1044016
-2053723
-3564880
-742003
902857
-1937470
-4876630
-5030396
-2060014
-1908869
1606537
-2066961
-2366057
-2177307
-3067188
-2015643
-2966936
-2260740
-927332
-2156949
-728781
1487354
-1908098
-1465140
-2836296
-4206
-440404
-12495
-3367022
431784
-1257937
-33742
1322039
-4491912
-3216142
-3744887
-1022007
-2176696
-138535
-216046
1145130
-2912370
-710325
-3521352
-2615394
701344
-1301295
-2301059
-2382213
-1238964
-1993260
-1554531
-942098
1710464
2129427
1016286
-4584136
-1756035
75537
-1835347
-3554900
1741381
1007844
-1338164
-3426406
-3413905
1258995
-1863863
-1757060
-696024
354531
-2688372
1799685
-879192
1104100
-1054666
1376005
-2495447
4441750
-81315
3146162
1284709
211367
-797888
-2898094
-292348
1638333
-705196
-2826910
-1420323
737277
-211999
-1134407
528120
463662
2171195
-1250444
-995793
-23789
-664090
-2318736
-3395036
-798835
-3440263
4762318
2149391
-900641
-831460
-2179935
681009
-1604337
-840506
-2418198
-5608814
-56332
-987223
1404540
-3565842
-3654804
-1449022
-1148943
-3020022
-1849561
-2051591
-1506267
-343284
324844
568675
-2319825
-3144689
-3120069
-4050631
1733070
2055129
-2813228
420237
-1903955
-1243355
-385539
434430
501174
-399567
-2143372
-2057407
-2859262
-1857574
-694952
-73986
849553
1192502
-664696
595374
-5842853
3791121
-7058227
836362
-875721
-3106160
1906818
-2312039
-2255522
-1935673
-2558101
-298636
-1850812
-1933078
-2598960
2766589
-3012981
-3091067
-296408
-4364323
-837578
-1179035
3633256
-4867312
-2854988
-341797
-2068943
-715189
-1303459
-1813850
-755535
-3015887
82700
-2149914
-847765
-102112
-3432911
-1449251
-4123379
-841303
413279
-1284539
-2578762
-572881
116145
1744035
-1244904
-1214949
-782879
-1585814
-4897308
-3601059
615726
-1732441
764505
774348
-3114447
-2987824
194009
-1814583
-1402769
2880251
-3072692
-5254016
-279346
-2936847
-378715
-2932348
1127467
-2958031
-3456751
-136514
-2571633
-907501
245221
-438869
-1423006
198172
-3378365
880436
-446390
2741798
-174204
-3918613
-1337260
-1525453
-710724
-2374640
-919832
-2080460
-3312361
-1078479
2201328
-1218791
-120183
247763
-925792
-3894692
-887112
-1457011
-1382323
538876
-2255404
-2367311
-2542867
-290132
-930904
1599463
1557468
-2213445
-2134156
-2891177
-634632
-1073550
2102459
-3447379
584639
-2118471
-464252
-720281
-89218
2628646
-1825835
1124634
-2746956
-168060
-1888479
-4168742
-3081630
334564
-2406842
-2722296
3811065
-3430666
-3595547
-166123
-1495563
-2934594
-2057904
-2558520
-1980831
-1453841
1373189
-1325264
-1955485
-2608224
-3373098
-1547929
2568751
-2626493
-577625
-1907467
2785265
-1560089
-820289
1476345
-1682892
-839468
-659211
-254617
-950684
-76256
-637816
-3692184
-684806
-2150872
729466
213225
883967
927513
-572886
502108
-4022756
-858194
-1423572
-2727822
847496
-4188557
25847
2754300
-2192132
-1208831
-955630
-1034018
458119
-3996001
-4029835
-1330054
-2295951
253768
-2568442
101241
1876226
2899813
1291405
-2080109
-8173
-1581312
-1920591
-619357
-1387393
518543
-2646416
-1368706
-265106
-2830951
1595028
1718478
287168
-1550194
-4107509
177126
1102526
-2735310
-2534525
-2897543
-598403
-3587572
-1787243
-490079
-1174546
-2355811
-2457576
-4224217
165643
-4583751
-1935369
-2863955
-2282824
2909079
-2581333
2557649
-470054
-2135403
164160
-2952099
327209
-4288770
-1320043
-3225753
-1733202
-736514
-2222686
2035793
-934814
-913423
-5593175
-2513583
-4791961
926861
668155
-2373981
-92997
-1206698
4072264
114672
-668504
-3688165
-1256384
873332
6338
-1249612
-1607487
916515
-3049827
-2772361
-1338736
-1380655
-2568017
-1699632
-1637347
-1749267
-1087685
4110442
1602993
-1510744
-1053846
-1846709
-809871
2669937
-53779
-2364004
-1652600
-2588792
1650277
-1227647
-619480
-6011012
-1584566
2592883
313713
707981
263729
446848
-783330
-5500605
-1451811
-2505519
2109067
-497858
-1568520
1817673
1783038
-5509779
-5467280
-1198376
-3232093
-134205
117447
-4472728
-67643
-1882000
-647496
-1416500
2277811
-31476
-1785926
-1425880
186189
-1641469
-4165183
-4186510
-1088677
-2635958
-3214737
-2083485
2639644
1898567
-1510187
-962142
-29188
-2020171
-1536923
-266319
390551
-2836264
-2143399
-1334890
636450
-359254
-1343352
2017722
-1427203
-2354345
4947588
-2598982
-1369112
-2079645
341187
-230917
427300
-4486656
-1058074
-1210860
1321962
-5476840
1931087
2188680
-417457
534701
-783515
543203
3226422
5321
2237178
3659631
-966110
-1726103
-5947849
406913
-2671039
1169725
-943396
-271596
-1894905
-1431502
-2706788
-1929302
-91139
576333
2124984
2214221
-5747164
-302729
-955542
-1395809
-1980278
329070
-3058622
-2678822
857851
-910279
-2242406
-1765959
-2900973
-2689134
-1956578
404102
-1633091
-722202
-6298266
416516
-1102425
-3508286
-2781156
-79238
-671569
-33863
-460457
-1756674
-1504893
-127745
2594301
-28666
-638110
-1899911
1464916
-450063
-1665999
-636683
-976008
-1714610
634734
-1398153
-426751
-1106949
-48704
-2431933
-933308
-2050466
223588
1778322
1898704
-1237163
1366767
-2371389
-3527749
167363
248164
115678
-4973180
215986
-5064422
421356
-2153150
-1812608
-416076
378896
1785062
-2340287
-1562436
784005
2651285
-2443873
-1754890
-71100
-2061043
-772739
-2200761
-1328975
-34618
-150966
-4073241
-2468431
-3363048
-2517360
462733
3751170
-1043779
-359225
-483702
-898238
-1188521
-1058238
-1293364
5031531
-3915033
163257
947028
-1837120
-3582186
-1721202
-4085970
-2404652
-806349
-4558029
-762733
-1141852
2595836
1677038
-1535203
-2352037
-101292
-3820778
-1981909
-1912707
-1504811
-2752462
-3753287
-1973573
-3374036
-1521443
-305015
-2268355
-1699590
-967447
-1867316
-6019510
-6969315
-1890423
-374889
-75701
121217
-3399726
-1085782
-2557325
-4110703
-262333
-1752488
-4000754
-1477729
-298379
-2705260
380030
-475789
721084
1996414
-3162288
-1987912
-2155699
-179505
-3263719
898803
-2330794
783458
-1808943
1762480
148525
-2122071
-454578
-1877890
-3583482
-607690
-533387
1032734
-709615
-968873
1516919
-2711945
1781068
955007
-2886
-2138859
-852941
-84661
-2830528
-3143525
2076688
-779766
-1566018
307636
-984136
-814292
-1524409
-2260779
-940270
633359
-1468943
1989355
-1819110
-3379202
-176582
-2981569
-863632
-645925
-4307444
496573
-1110794
-3313719
-1603917
-1166064
-394185
413923
-23381
-883072
-4661282
-704096
-70791
-1757809
-4152278
-2351732
-264786
-3275720
-1961094
-2528062
-1060859
-3203361
-1069836
-1539276
-1862987
-420224
-3196218
2128356
1838692
-424114
772413
846314
-1181983
-118916
-3967335
786838
-1287730
191405
-3232439
-4448363
-3984201
3058071
-3237202
-2148286
541017
2066005
-181942
-4513935
-1208560
-2563782
-1153931
1901029
1256607
-314190
-2643955
24267
-2435666
-602358
-1926057
-933117
-1279113
-2529974
732018
-1953185
-1752232
-450523
-1999068
-3207048
836676
-2151266
90192
495539
-3646386
2310784
-474132
-584703
-3031447
-2191717
-2459174
927326
-3301245
520247
-3183592
3763943
2422827
-4068056
-42345
2973133
-2632029
-1630508
-3664308
-4287330
-176947
-2304502
224116
-1645724
-229136
-535212
-728404
-126306
-3943216
-1934924
1066609
797496
788693
172300
-2588278
-1946418
-968822
-2032278
1184433
1540651
-67224
-4772042
2172675
-4312015
-3139529
822938
1899433
-359566
1000049
-1453376
-2819030
898405
-2131077
-663306
-1967159
-4862703
-3925378
-2820875
-1540743
1008401
-886723
266871
-948169
1094794
-1458429
-2057331
-1057200
-1402704
-2638342
-922619
-1684296
-610571
-1702829
-1740065
1335054
-639329
-1712094
-431772
2544394
-2705193
-4781252
921908
-1333940
-2381784
-2763391
1654428
-115421
-462052
-1627396
-754972
-2341092
-3903265
-2636321
-1689511
-1313564
460706
-729926
-217636
-2928785
-2826777
-436932
-2698800
-920375
-262098
-4570483
-5703678
-978939
-2058483
-3988867
-3768698
-2727847
-453900
1137351
-1228679
1137375
702467
-323526
-1534096
-980705
-2491838
-3312136
1190737
988332
-3626845
-2894946
-1399250
-1576934
-3394351
-532853
-2215519
-1875044
-333051
-2020695
140494
-2626821
-2052115
940574
-1650778
-3579909
1186255
496755
1069993
1067065
-977173
2491946
-3712294
-2489401
-414263
1308099
-1708175
-3065508
2960523
-328924
-1628753
2657419
-4939195
462433
-5835967
-1817417
885334
-840403
-819033
1993011
1757109
-644867
269786
-1078160
-1526897
-4089162
218700
2397938
-3201276
-2363375
-4122915
62401
-3054124
-2803701
1112077
815921
-2517839
-3099930
2124599
-3092012
-1426769
1193095
-1416722
-766244
-1447
-2937760
-2140141
-1054677
-1619995
-980129
-4472165
-1219781
859512
-736779
-2120893
-506832
-1672245
-830269
-3826547
-528356
3121699
-3277095
-1129804
-1973170
203379
-1882953
-1038366
-2007963
263739
-2992666
970915
1183323
-1858573
-1283648
44640
-1243417
-6070857
-2026075
-928417
21680
1509771
-627204
-1077002
-1883687
-458568
1247970
955941
1954884
-1627624
63919
-2134574
-929471
1004957
1557132
2152569
1153743
-1785641
1867734
-912975
-5669792
-3682310
-1054511
12867
-951253
-1433934
441364
-2291752
-1805673
1195800
73352
1184211
-3020061
-2858869
-2708550
1375919
-1946037
-412312
-1004652
1290480
429342
4307869
-2224689
857182
-1356191
506132
-421649
588902
324127
762861
-1898691
-692525
-883613
-2116325
-3702069
156397
-2607409
967179
-410488
-1199358
-1554179
-1342741
-982222
-3522796
-5577732
-1712166
-891531
-2315053
185992
2504818
1710527
-3244952
75343
-241678
1336557
2169556
-2488346
-3675620
-1461153
-246424
-3415522
-1062805
1074616
-2038863
1141249
-2175523
-654559
-2552998
-526301
-1193699
-1832458
-2183328
2174190
-4633519
73668
1472597
706472
-1581616
-568827
4211763
1611087
-1934685
-2130347
-2510855
-3610590
2612109
-1739977
2221213
-1925418
-3449361
-3117394
-216472
-1301904
-2562598
2566697
-664288
-22739
-2600112
-1154788
-2923519
895234
-2637814
-624548
-2117041
3442066
-438314
3014437
801196
-1623118
-2329042
-1530491
-520847
295600
-747249
-1987759
-3442515
-4275304
-965096
559426
-3361608
-1471280
-1048614
-1443665
-2896235
-1365280
-3561480
-671992
-1636200
-5340549
2652769
-3665729
-641002
-3566377
-2138325
-1449113
1040791
-2058845
-2155316
-222659
-3010268
-4940633
-1689297
-1440260
-786601
451721
-303024
-2745545
-696154
-589740
-517732
4656679
-3090836
-670871
-2179743
1528470
-1524014
-2934947
-2262907
-515207
1578315
-1139903
-628088
509633
-219911
-1950425
-260940
2456098
-2538247
-1785233
-1751546
-1644796
-2651059
-1957673
-4881606
-1113932
599738
-713976
-753007
3040432
295904
2599339
-467097
-1900270
-684607
-4471372
-2233770
-121207
-267973
-3517274
-805082
-2377321
-1779182
-640405
-5609171
657868
-1762298
-1058997
636991
-2454617
-2492115
-2802614
-41211
-1616041
308054
-992389
3669391
1025448
1512850
-426466
-2793965
63431
-2192476
-2685412
-1222608
-2837030
-4451817
159045
-2196667
1889929
-1190972
844308
-2186289
37520
2305435
-2429822
-3756977
-185770
-480338
-616703
-303054
-573577
299625
-2416492
-3881620
-5437704
-22480
-1578433
2027826
-3990691
1688511
1525442
-243571
-1562848
-114293
-3469507
-1796246
-4222144
-1328620
-1059113
-4907199
-726736
-4617210
298996
568147
-1260345
-2759637
2367306
-1462571
285142
54231
-829865
-5021612
-2194852
-641638
3032238
544606
-343835
198905
-3099389
-769925
-2543236
1118530
-172318
-2222508
-3118786
-1968161
-2147109
-64505
-5826505
-482324
-3374076
-2205881
-1326918
-3701686
-2526923
-110552
-2148179
-136240
-256545
-168780
-1770853
-2895914
-2203717
3954279
2004510
-4523668
89226
-3775074
-619544
-35782
-863190
3237398
-2925650
1394770
-316898
-818732
-3256823
-684787
882651
-3013674
-1768634
-487023
-3346957
2883894
303519
-67301
-103106
1357340
-801011
-597431
-2333523
-1063458
-2872
1166843
-1305145
3134865
-153800
1779733
-765442
-1090713
-1358888
-1615941
-1680996
-4240681
-2258681
1216350
1678160
-872673
-2936347
-1900738
1234093
-3322592
-1263012
779760
119229
-820526
-1962420
602589
615680
-1125687
-602019
-3214374
-634403
-1665676
3057730
-2631075
-1472436
-807379
-5909747
1840397
2173940
-4465444
233167
525193
-415753
-93649
-1991196
1261586
253733
-1721168
-1784272
-521380
-444564
-1105448
-2741033
-2065782
-1995491
-575686
-250182
-2792426
1795112
-4955367
-3840398
2199502
-777567
-557645
1037638
4197861
2044455
-1150679
-1010534
186665
-1050307
512249
-1024749
3811649
-2993679
-1723021
-2255960
-1229428
-221739
232948
-1345010
1529198
-2926056
-1474078
93315
1604334
-2676427
460105
987423
-1174793
-200095
-686746
1409759
-3264270
-1056712
-3802934
-1437784
2131906
-1027201
-559275
238278
1388607
-1119241
-3309170
-436540
-2237843
1071780
1371557
1335963
-820570
-1837623
2197906
1235331
-3247051
-3844051
-2551433
1486981
63069
-3422370
256717
-1113533
1763620
-2327324
1241882
-2709753
-423567
-736504
541117
-3647912
1821084
347177
-2216363
2560623
3657287
-3241563
-2189415
1529563
-556177
-2569603
565612
-1206492
-330046
-1666213
-1804757
-2933033
-2230893
-1876300
-3666821
-587652
89226
-1468723
-1395952
-1627848
-2596218
-2829416
1787716
984069
-2296445
-1236183
-1989454
1561889
1489719
-1910096
-947850
-4364279
1036929
-3408222
-51097
690128
-2262099
-852574
-2278255
-85488
1025368
-1666256
-1987098
-1022619
-2365823
-2635370
1263329
-1969795
-763880
-1776511
84568
-1531246
-409395
-1101032
-1287795
-2030008
-1393665
1265386
-602274
-1827452
-4271690
-2626629
-1671203
-1981620
-1116552
-388159
232721
-3994978
-3819214
-2619307
-98870
1169067
1524090
1243684
-2788684
370493
-1902184
-2475914
-924119
-902436
-2820486
-482478
-1378743
-74738
744492
-5895968
247268
-1827974
36264
2067144
-2574724
-3718043
1179172
-843343
-2709411
2376850
-1893161
-1839696
-3594988
689543
-522201
-1529949
-494829
-1197326
-1095649
-532718
-433050
-1503245
-1523433
-2856288
327331
-706960
-582262
-956510
-658798
-19347
17042
197751
-1664996
-4463486
-1588797
-2798141
1345747
2378381
810662
-6430563
-2802626
2106364
109933
-1615386
1600388
1320834
-2698144
2615508
-1575482
-4018484
-386292
955173
11065
-2678265
4266306
1485585
-1475247
-618766
290924
-2325892
-39404
-343870
682916
-235786
840655
-12390
-3790020
-2714141
-1056471
1971593
-5027692
-5311818
-1885487
-3772355
-1678260
-3853435
1990002
-183105
-1265878
501058
-3323321
-3607988
-762865
-3508092
205338
-978149
279193
1789103
-4540508
678763
-3991889
1955066
-3650959
-513334
-2019331
-1507326
-1845108
-4511042
-2524896
2097915
3176379
-979025
-604403
88524
-4245896
-2543998
4119705
-213775
113034
4082227
539149
-248813
3058453
-791397
-2340644
-1093378
222876
-2631200
-132724
-2136176
-799643
-940607
-319091
-762701
-675969
-2809335
-1819585
-3161913
-877540
-2035718
-1994631
-2025630
4656222
-3589006
416329
-5888765
-3449197
-2153791
158962
-751198
-914784
-138349
655804
-177171
-1159901
-48816
999635
677734
-843138
2077611
2165175
406705
-1419024
-1090363
-714472
-970979
844136
-2940476
-1204418
-2111188
-643435
-3887646
-1112331
-680308
2444475
48769
-1564691
1565795
2757367
-3340812
-801068
-1507573
-2855313
-3491341
-1602549
-2768705
-926768
-1216105
472932
105968
-1994100
3335227
-3400116
939460
1824041
170069
-936620
-1895140
-1287510
-5643617
-2141982
3626961
-2717953
86155
-4314811
-1570686
-3413823
937490
406578
-1393031
928685
-2161398
1424660
-110011
1051044
-2384868
2237792
-1729848
2821777
-1151870
101879
-1637942
-4593637
-2236312
-3072215
256733
2627865
-2793898
-1630628
224339
-1633907
-3456742
-723845
-516972
1009568
-719746
-3493688
-4682536
320429
3368567
-5344362
-4049134
-2276992
-988789
-3301888
681533
923795
-2245418
-3060285
-569072
3138225
1003255
381047
-3397200
-3755123
-568338
-901772
-4463243
-1456798
-2456015
-26354
539409
-2683186
-650263
12584
-1047207
-442873
-1062201
-748209
-1000868
341264
-3942427
-2361366
-2414390
-3579327
-2243314
-1939472
2063902
-1281787
778676
-1534049
1261278
1350260
-1914879
-1263833
1156421
-40943
41753
1759869
-1784711
-4453409
-1128854
-28748
-1272793
-193426
2710359
-1708746
-1851917
2899480
763036
-2729198
-4885758
929081
-44764
-194276
1048241
-2286312
-2057628
260146
-1326014
-3418051
1691068
-3956057
-3037314
-1327997
-870243
261488
-1454744
-483533
-1422679
-500537
-2396794
-2312909
-4277978
-370388
2634586
-453722
-2649747
-798675
-4451317
-629535
-2886517
-250629
-589695
-513063
-751868
-3773920
-1136066
1253422
1412296
-2656040
-2191281
2796501
1425209
1109082
-2477549
803730
-729628
-101608
-2787744
4726123
634218
-1245355
1615772
-1475071
899145
-561288
3129366
2179809
-1868753
-2699222
-4777500
-311248
1384946
593110
-4101159
-564406
-3548062
2616197
-1091867
-4311129
-375528
-766912
-1914160
-6994510
2309486
-1202265
-3802147
330974
-3306120
3106247
-1751926
-3026964
-3362216
907065
1707486
-2247204
-1684976
-2076420
-1864599
-712932
-1120819
-2052787
-4683192
-2491601
832553
-32394
-5020657
-3541582
-3023944
-3235697
143884
-185826
-748154
-1664633
-2301936
-2343815
-2234644
-1397358
-595490
499293
-1937594
-2033229
-2728322
-1124346
-2860931
890914
-1865597
-1015092
-1495031
-213728
-1921158
-3162057
-2199660
-2489516
831207
-1649083
-1079345
-1474155
-2776033
-1018312
-809832
-2992823
-2905419
-2720117
2290431
-2976468
89386
1213234
1055160
-642445
2435910
-1616715
-3747300
-1370894
-1664447
-1438351
2772955
50613
-3086907
-105324
-1929556
2742639
-2473860
78646
64032
-2818179
-4658316
157907
-1756328
129077
-3792096
-1846295
-3531618
-340681
-1916042
-1189349
-1383674
1127655
-2819066
-1680640
1261074
-2859898
-1379838
-1467665
216696
-992053
146035
-2042905
-552940
813111
-3773178
771986
1031888
937930
-517649
-2806231
-1467861
-1295855
-818111
1101284
-1468310
187378
839020
-2689557
995645
1037348
-1528615
366065
1471781
-3162066
-4530636
510115
588660
-3451658
-1156861
-198052
-1720622
-2062276
-163799
-2009703
235385
707309
-2530992
2135979
1897015
-817889
-1293800
-4396812
-462111
2506506
-708064
407468
-2527536
3085560
-1312252
513065
-835553
-388781
-2506888
1948362
-2544135
-1752197
-2266589
-305937
-1563807
-1592794
1764416
709996
-2116119
-2935628
-154940
-4074287
933633
400009
-413033
-1811202
-844987
2360252
308507
1403534
-1201581
559313
-1741266
263429
46894
-78684
227163
-2855361
-1594880
-3487389
1486314
-2550874
-1234691
985447
615377
-3646411
-1708631
-1750145
-585533
-3257211
419291
-1382544
986512
-517312
-2711502
1256391
-2421892
543849
-1214433
-3964189
3805567
-1033738
-1968237
-258404
-836826
-1793464
-3779214
497436
-2106354
-3175082
-2739216
-1680927
-837439
-228307
-3698399
911788
-4906990
-4550483
-1133616
-265852
1049087
-2060550
-3040913
-3784420
-4660588
731977
-2151075
-4150166
-773991
-1264615
-1893066
-54724
-2624496
844610
639140
-132486
-1931935
-827300
406927
-3528435
-3572832
1484542
-988371
-3524464
1331671
-1938811
377730
1284771
-359227
-1901694
-2517830
-1564807
4028621
-2026392
-2089435
-6102593
-3241391
101599
-1231821
2207595
-619946
-2516782
1674055
-4022856
-5141010
1242330
-421412
266787
-3225471
-5306434
-4416380
-3413892
-1435328
403885
-1711687
-5333449
-1672478
-4089497
-1496947
-2829136
-3770890
-1399132
208504
-614416
888716
-1914578
-2312914
-1201634
-1532273
183396
-653060
-667066
-1119990
22506
1218577
-1434496
-2940446
-1886528
-527887
-1334294
-1145694
-1521271
-3723039
-2172965
-1443698
-4767085
-400404
1125991
-1945507
-1884584
-1780641
1026095
1632446
-3928661
2825111
-1955878
453271
841441
-31758
70231
1574071
-1367377
-3204125
303452
-1991871
-6645230
-3284586
-1674783
936761
-4496207
-1512820
-1618951
-3375122
-3126408
-570922
-3004703
1374570
-2723022
-1313625
146479
-3084168
-349528
-550786
-4710884
-1677862
457778
-360859
-3978900
-2014592
7515
31500
876749
-1884356
-518613
-638487
462284
1497083
-3466806
1459079
-139661
-3292377
-3161210
-2815790
-107597
-126128
551774
1433472
-2542004
1913991
2607014
-1516386
-823340
-4577556
943419
-4061303
-1446964
2615610
-1051401
83314
-3717973
-2492273
-1718392
-1725538
-1088552
4373220
-1739804
-4169203
2218102
-4452317
-1012072
-1012682
2419300
-467822
-1869218
-5275014
-1983094
-2664565
-2238590
-919739
1969200
-2432217
963274
1337819
-4064504
-2530388
344310
-3953820
-1768062
284011
-614069
2339792
-654671
-2256061
1942917
-3036796
-3097910
-1247528
-1159237
-610713
-1110937
-5020665
-311934
700290
-223074
-773506
-2209976
1734872
-1645006
650597
-4038587
1783129
-249774
-2932319
-210911
-808246
-2021862
-1631482
900389
5135476
-3401496
405945
135636
247766
-2681430
-3218478
-1108322
-2654151
-1982099
-1019929
96937
-4581865
462060
-2031158
-2069774
735256
-741952
-2919831
-373779
-3501761
-2568572
-66372
-1563827
-590356
-2428036
-3951772
-861833
1797120
-5725081
-1164907
-119440
-1869415
-1895292
-363072
-1951185
-4058640
-3641244
-5832549
-3232224
3060990
-1087363
-791706
-707150
-5121564
-2103909
770651
-1034591
-1005086
-2457763
864630
1801938
-1791654
-3829787
-2354393
551914
-2049920
549937
-145733
-94316
1604815
-1131762
870193
-1471148
3165955
-1347872
-4906480
444196
-2932640
121646
-2399264
1492951
-1383782
-2860126
1865055
-2038253
-2702616
-5366076
85061
-961207
798181
-4542149
2070621
-49391
-3420620
632135
-3714402
-411733
-969676
2323919
-1341643
-413253
-4399404
-1527752
-1079230
-3311388
-2759178
-2130359
-1381108
-1375195
878824
-5138962
-1200999
757475
-2592224
-1792823
457862
-1137240
5076430
-3436739
-2011969
679553
759431
-1515995
-2858032
-601215
-674691
-6917278
387667
2498408
-1878118
-476720
-118491
725540
-1575698
1215640
-3394126
-1681526
2537311
-452259
-771293
-2018730
-1099317
-3546473
345154
-888038
-2748275
-552305
-2505393
-106939
1040389
-1567787
21500
3055033
-149999
190407
2689279
2428138
2745340
-1743043
-39200
-1026065
2785366
-2435184
-2994124
-1521005
2391295
-2449576
801817
-3366533
-541253
1117512
-1627872
-2440064
990741
140258
-2466106
213913
37326
-2606185
779271
-1066188
-2476277
-1128291
-1040826
3218646
-3015062
-1895794
-1652724
-4410943
151516
-1636783
-828415
-2498668
-2047685
-3381709
-2927225
-3318090
2364104
-1748475
1134407
1068696
-253945
715180
-180895
-2285072
-3880745
1134775
3147780
-1605229
-3535759
-1538429
1190045
-41837
101907
1237853
-1051913
-2810828
-1109341
-524169
-2439205
-509879
-3226436
114734
-605717
-2023070
-503362
232439
1742251
-710724
-3669037
-4334042
-1818497
-645197
-1002320
-1073725
-578184
1126113
-1921429
-1588394
2671790
-477746
-2367035
-2821280
-853139
418286
-4154732
525519
-1782975
-2639548
-2587976
2034075
1404704
1535325
-1113589
598960
3715219
-948475
1540524
-1788506
-2417762
-3643011
-3179684
949640
-2345802
327769
-1722356
2743910
1102218
316436
-2195147
-2623600
3041833
-446009
669828
614734
-1191215
-4123260
-456616
-2028941
-1256463
3276940
212315
-1731503
-192693
551617
-3069032
1116515
-3266679
-2524423
1171352
-1442563
-3444551
2319052
1283271
-2694322
967834
1227017
-2763345
-387450
-1562479
-1319932
-3180868
1336793
-4718487
1135973
-384897
-371780
-3036470
-840709
-1965767
2385899
-700100
-2396392
1609184
-738436
-26477
195016
-417867
-1564185
-2353751
1759934
478284
-3252925
-3868830
-479108
-2009257
-260009
-2078440
-802320
926800
810963
-1954907
-238967
-617637
-203258
-1545736
972671
-1535216
858844
-3163119
495794
-293433
-100850
33966
1672340
-2942892
1021251
-4391180
-3560817
-387250
-1698751
-1118412
-1465851
-789100
-1885459
2639299
-2839109
2420074
-1190034
-2784413
-1047069
-809899
-2292785
-2992112
-2267653
-2046506
-2908486
-2891795
-3140548
1255530
-1419852
-292576
723706
996261
-3924580
110587
-3906315
-3570967
-838792
-3854953
-1294090
-3970992
-2444603
-42794
-4079036
-819140
-751993
-1923350
972746
-1545744
-3298405
-531117
-2397645
-1485121
-421212
-4268157
-1114842
-1530994
-2059038
-1334717
-1364280
-4671830
245657
-369237
-2681733
731039
-1245269
-1691284
-3598586
-4639203
-2592572
-1800293
-5900050
3540925
-1302375
951573
-2397143
3046715
1549148
-2944664
-2811631
-968034
-3591046
1266875
-200460
-5418362
-295739
552832
1475007
-4119812
374713
1253430
1763290
1328851
-1348943
1040956
-775017
-3766683
428250
-97622
-2052572
-3339822
-1697100
1509889
-1545779
-2304056
-875237
-1840360
2973174
1291423
-1595381
-25897
634863
-4324514
1327018
-1569147
-686533
-3166836
-498643
368263
-3177974
-1227314
-2858653
-3420856
-3927066
935784
-1287331
-281724
3878148
-144585
281135
-613260
-382656
-1997334
4251811
-1560746
-1315949
-2600157
-493679
-1974593
-827605
-1710031
-2214993
-1226273
-2473280
2849497
-660606
717046
-3195767
-1235917
-1320275
2976360
-1419295
2641197
-222838
-208624
246821
-781414
-611486
-1498542
-1837725
-1531426
-1150234
1400765
1311143
-2414701
-1502110
-3234071
-2499838
3119042
-319782
-195718
-1171623
-2172710
604595
-2528065
1919414
-180417
-4109372
-502806
-3046499
-2723114
2335521
1420517
-2926583
3537441
-2483782
-1797467
-959353
-481033
-1195528
-2200660
-1316123
-1200070
-818528
-353130
-2639452
-2113411
-3489871
995711
1052247
-4037673
-3068481
-409909
-338392
-182726
-1022439
-1700969
-3233925
-480659
-1945971
1966205
-2683185
-1424411
-3268028
-2384999
-3937378
66127
967636
-663453
1935287
-424437
-1940148
-2179509
-582934
139707
2503101
-2227315
-4197324
-3101691
-3878833
-2623224
-2967927
-3529793
-1578203
3804
-3714359
1142447
-1955654
2255903
-3001743
-2904667
2884468
-1883528
-802917
835689
-1729716
-6151937
-1230471
-2197186
1114164
-2313668
1018667
-841882
-885275
-523328
2932067
-729418
-460044
-2074536
-1377018
-2910070
-115174
2859863
1441585
-1151486
-452768
-863992
-2183874
-3164061
670976
-3239126
-1852977
-1703808
-1465165
-449005
-476432
-3784905
-2171849
-474918
-2805624
660472
-2502530
-2270605
1024040
-3791546
-3843115
1098564
-5206940
-2877861
1268792
683458
738649
-436862
-307303
-2307577
792969
-1355112
1527804
788839
-505018
-1195674
-3462186
2254657
-78862
-2475597
-23091
1546437
-486687
-2891257
424904
-177966
-406657
4819161
-2287850
3754974
-1993291
3146683
-681304
860460
1668744
-1044058
678135
-11959
-287208
-1209547
-1764354
-3095719
-3360478
-903328
382459
246734
556425
-3101084
-1138328
933558
1061351
-1690573
-3593699
-3917559
-2554476
3085247
-327520
-946269
-143399
-6012665
-997681
200731
553202
-2709023
-1592216
-122065
-608268
-773842
-1189102
-1405023
-530291
-1434347
-2824853
-3458427
41730
-4265215
-2040436
-1798274
-2258798
-4464158
412657
-2203753
-938095
2214527
-1588204
-1699487
-2368531
-425577
-341455
-2835834
-2287140
-60547
-457510
-1972892
-4014970
4909987
-4214867
-4171475
-2612974
-4586722
-2491635
-748716
911906
-2152487
-1360959
-1473655
-1809379
2872887
1435297
-2785270
6693090
-2952660
-3429847
-1385329
2142286
499060
440462
-1933036
-4123558
-1228859
-1137671
-2929568
589614
-1657935
-1544921
-1715371
-457586
-527278
-2261375
-1574500
-2706179
1098631
-5200933
2470539
161758
1591351
65786
3559549
1223659
162681
-2071842
-3247286
259901
-946135
-1652127
2186689
-3307099
1467227
-3290000
485623
-2200169
-2017299
-1560063
1257796
-2839782
-578108
-1087385
1177520
-2176868
-1124848
-452894
-194269
-1943682
13170
-5493204
-660500
-4293144
1316395
-2786150
-3843858
-1251483
1293575
-3882967
-775703
687829
-568666
-2140065
-1165345
-547972
1260027
-3119574
725385
-2698068
-100694
1193754
-1942464
322363
-1479510
-3147364
527406
-324520
-2150523
873489
-535267
-681490
-421231
-1172049
10355
-2185549
-2894442
-2560220
1715604
-286138
-1624962
410000
-2479803
-768754
-1353967
-3383376
129366
730129
-5581029
-736350
-1735084
1225484
-255305
900912
-2182204
76600
-2957914
-4309020
-2073981
-3390482
-2252785
-1996951
-1772315
-4600545
-301098
-1244085
-1068236
-36281
-211459
1094982
-163685
-3246938
894749
1726522
-2329850
-940989
745823
-4168330
283651
104659
-4286088
1276221
-3131220
190246
245679
-4887431
-1449500
1437815
-6035541
-1413938
-3237121
-2974805
-657261
1706161
-996631
450075
1074528
668671
-2250450
-3341184
-1855170
-1868449
-4624684
-1806220
195657
4439799
-2701025
-1793065
-2206623
-3712114
-2235761
-860718
-826307
-3072353
-450532
-1700611
-2510640
-2509217
-513023
-2839917
3049043
1470825
2799643
653053
-1384771
-1006546
-879599
-4605245
-883931
-210744
-1641318
-39168
-3685724
-1558644
-3333343
-2351839
3698853
-414519
-4668082
-4650180
-1605696
986809
199939
715558
-2095030
-2252521
-2947403
-455055
-788357
-2743916
-2028467
201887
-1315396
357098
-2449354
-1394289
-394394
491854
-2581599
-91243
913403
-955498
458674
-919112
-2631736
-944192
-4524204
327954
3529555
-1121124
-1322452
1267926
-5277196
2542168
-4607450
-247484
998465
677910
613094
-3136281
-2255633
590419
-1462842
2956153
-1286362
1548165
-1882389
-1899072
-1970605
-1089911
-2285303
374432
232922
470175
965247
-143677
-2928235
423411
-1924724
-1849747
1343356
-2484317
-169279
-797081
-5806014
-947248
-2325256
-1226815
-1065768
-3328515
-1597089
1542669
-985715
-1706434
-2048630
-536674
-2246538
-318876
-756673
-4570633
-564371
-2468587
-788535
-1318767
-2771970
911674
1040688
-1752738
683329
380997
-1242766
-99463
-2278619
-173702
-954720
2261652
284258
-586450
-1611987
-2465696
-803112
1071538
545621
1804220
-4675987
181187
-2080026
-1442536
-2348867
864483
-23755
-1926418
729990
-325111
-2430644
-411237
-3680368
-1380108
-584811
-2756842
-2332109
-1487840
-273467
-2238931
-333575
-5123936
-1537831
-5198372
-899756
-5297646
2848229
341696
-2423003
1169221
-3155846
-3120205
-249893
-1584007
-1657022
-1712100
-962221
-664505
-1865874
-696389
-2944482
2202411
-1219345
-1465551
423368
2143903
681373
3119643
-2954941
-2299223
-1203899
-2746162
-2371081
-842527
4637697
209173
-1354205
2063580
-1673182
-2555707
-1492975
-1457770
-360802
1512288
850251
-3091040
-4303763
-659174
1955138
-2659435
-236029
-1251538
-4997721
-1007874
-956028
-1170015
-3600347
-1497829
-2326140
-139725
-1139896
-960735
849067
-1475726
-2204566
-2823925
5724856
-1945177
1360893
-703959
1882752
2150362
1125941
-61370
-2110064
-7301762
-5227486
-1180161
-1356487
261854
382674
-119170
-3397661
-1386485
-208960
901846
624902
-2083597
440885
-2392859
-2377334
-3647416
-2539738
-1458043
-2458294
-235167
-1568415
3013706
235410
1961896
2341292
-330235
-2713919
-4306388
-466922
1009014
-2097571
-452758
2010
-2982873
-64176
-199334
-412356
-2579898
4795785
1035432
290215
-2877563
2333253
491899
890448
-1441895
-398197
-3910851
-222401
-595601
-1455969
-2860700
-59932
-3519511
-1377060
1316384
996976
-834789
-5159438
-5829068
-2892481
2457224
-718610
-3706142
809187
-1536663
-3365103
-2617134
-995099
-5499472
-1743095
-2628739
-1395963
-19613
-894460
-2042362
1525611
-2697411
1535304
-220698
3726116
-2348780
-2596277
-2816211
222262
-1946499
-3075174
632630
-4524703
-3073126
-3012068
-1996736
