2
-2
-28
-10
0
0
-12
-22
0
-16
20
2
-15
21
-28
16
-38
-14
14
12
-23
8
-34
-16
-10
10
-62
-24
-34
-14
6
4
12
8
24
8
8
-50
-38
-16
16
-2
-46
-16
0
-10
-38
-6
-6
-30
-14
-10
-22
2
2
14
-32
-14
6
4
-24
-50
-29
4
-6
-8
-6
-44
11
-2
-4
-12
20
-12
6
6
18
16
37
-8
-35
0
27
-12
0
10
-18
-14
-20
-15
8
-4
20
10
0
20
-38
1
-22
-54
-34
-10
-34
-4
-30
22
6
21
-38
-4
2
-8
-24
16
-16
12
26
-28
4
-22
6
-42
-26
-14
10
28
-6
16
-8
-44
-4
-8
1
-20
-50
-16
-39
8
6
8
-28
-18
16
24
10
-31
4
-8
32
16
-40
-2
3
-10
2
22
-36
0
-10
-42
-51
14
-15
-6
-26
-18
-36
-23
-8
8
-10
-40
10
-34
14
-11
-14
-16
0
9
-1
-18
42
19
-20
-12
-22
-20
22
-2
-16
-8
-14
26
12
-5
-50
1
6
-6
-40
18
-2
-34
12
-2
-10
-38
6
-24
-12
-6
-20
-2
-18
-34
-22
-43
-24
30
0
12
-20
-14
-24
-12
26
-24
4
-16
-24
-38
-28
4
-18
-14
48
-18
-38
18
-3
-40
10
-4
24
30
-26
-34
14
14
14
-8
4
12
-22
-20
-54
-26
18
28
-28
-11
-8
-8
0
13
-20
-4
-10
4
12
-12
16
-8
0
-4
-22
-8
-14
-6
12
-20
-20
-4
2
-42
6
-2
43
-34
-26
-18
4
54
-36
-16
-25
-18
-12
10
22
16
-34
-30
-22
-14
12
-48
8
-8
1
-7
-28
-26
-10
-36
24
6
-14
-2
24
-8
-27
2
18
8
-38
-22
-8
24
-28
-28
-12
22
-14
4
0
-3
0
7
-18
-4
14
-24
0
30
-2
10
24
4
-20
-32
-4
10
-22
-14
-10
-8
-10
-36
-14
-32
-22
-22
-12
2
10
-4
-8
-17
30
14
-2
28
-44
-19
-22
24
6
-22
-34
-8
-3
-30
-64
22
1
-46
-30
-16
-14
0
-18
-34
0
8
-11
-10
-14
-12
6
-2
-10
-10
-39
-42
-61
-14
2
2
34
-30
-4
-12
16
-20
14
10
-2
10
-52
18
6
-16
-20
8
-18
-7
0
-35
2
-4
-46
-24
40
-4
26
-2
4
-44
10
-48
-16
14
-22
-14
-2
4
-18
-16
-4
-4
-28
-34
34
-10
-30
-2
-13
-2
-25
12
-36
-12
4
-8
-2
16
-4
10
3
10
-46
-24
-6
-22
-28
-2
-25
-54
6
2
-2
-8
-16
-2
4
-13
-8
-6
0
0
4
-28
-56
-18
23
14
-22
-8
10
-10
10
-36
-14
-10
-4
-48
13
-26
-18
6
-52
-2
-18
10
-10
6
-36
-2
18
0
-2
-36
8
-6
-6
-22
-42
-14
2
18
-16
-44
-4
2
-16
-30
-14
-10
8
-16
32
-42
-16
-20
-28
-42
14
-14
0
-6
-22
-48
2
-22
8
-34
-36
-10
-16
26
-2
-31
-6
-13
-20
10
0
-11
0
-32
-22
14
22
-18
-20
-11
28
-6
-34
-14
30
-10
24
-12
9
-9
31
-18
12
33
22
14
-22
12
-14
-20
20
-6
24
-20
16
32
-12
20
24
-17
10
-38
-28
-36
32
-28
-3
14
-18
2
-6
30
0
-40
-4
-14
-20
-2
-10
-24
8
18
-38
12
2
2
-14
-16
-8
-2
0
-16
6
31
-6
-6
-14
-14
-8
2
14
-48
10
-38
-42
-26
30
2
-26
-8
-23
0
54
26
-8
-34
-8
2
-28
-22
-40
-34
10
0
-12
18
-3
40
6
42
-2
-10
-18
-8
-14
-20
2
-32
-50
-4
-4
-24
-14
0
-34
16
-2
-6
6
2
3
20
-4
10
20
3
-8
-8
-16
4
-20
-10
-11
-6
20
-12
-44
4
-16
42
8
-6
-14
12
-5
-14
-10
-4
6
-4
-22
12
-2
-5
-38
-4
-44
2
-2
-24
10
-16
-28
-32
8
0
8
-2
-14
-36
15
-4
10
38
-8
-26
28
13
-6
-44
-20
-20
10
10
-26
-56
16
26
-10
22
0
7
-4
-8
-18
0
36
14
-38
0
-21
-16
-24
14
-16
-10
-40
16
-2
-62
-2
-10
28
-28
-4
-4
-4
-8
19
4
-20
4
-20
-10
-34
4
-14
-2
18
2
20
18
-44
-26
12
-24
-24
-22
22
20
-3
-2
9
-46
24
-4
12
24
34
8
-8
18
24
48
-18
-12
-2
26
-20
-12
24
-30
-15
-8
-18
20
-20
-12
-12
-10
-26
4
-46
-20
14
17
-22
6
-18
22
-2
-6
-20
6
-6
-8
-36
-14
16
2
-25
-18
-22
0
-34
-16
-6
4
18
9
56
-8
-20
-22
62
-18
-20
10
7
-12
22
-24
12
-22
2
-14
14
30
4
4
-8
24
-2
-20
-16
2
-22
-8
2
-14
0
12
-34
-6
-54
-20
-8
-32
-40
-40
-2
-26
-12
9
10
6
-4
0
6
-7
-12
-22
-7
-16
-12
-6
-24
-12
-18
18
7
-8
-26
33
-4
18
-12
34
16
28
-24
-12
-10
-9
-38
10
23
-6
4
-20
-4
22
-16
-6
-18
-2
12
4
10
-8
4
-6
-56
10
-18
-14
-6
10
18
-14
-6
23
-18
26
12
-21
-22
28
-2
-2
-20
-8
-10
0
-8
6
-42
-12
6
-6
6
24
