2246243
5160090
3102562
4440366
3307906
821087
2210898
2109649
1886658
2446454
-840351
-35043
331159
1656297
-831452
4064578
4930416
3290281
2269041
4165294
1937292
-975230
671786
4481883
2541839
3958278
2630660
2870846
2073553
2441231
3028359
2326751
982689
3155484
3111845
2863906
2100422
97074
2988705
2141445
2589856
3042339
1436904
-1182265
4884777
-1266902
4431710
2663822
2302788
3764975
1312466
91285
1962219
823575
3884869
2928553
2335839
1798135
779411
475382
1206425
1909360
872520
-698644
-652066
-1054276
1301614
908956
543786
4449095
3138894
2911862
-543125
5475289
1666114
5107096
-453884
2022757
2793929
592420
3985168
1687226
1205616
2511664
3937023
8337388
4744763
1273884
3353817
987021
4685645
1697590
4944279
-1036737
2964703
1984872
3444650
4469478
-1702117
1048807
3606292
1075436
4927784
2018688
1692855
-2183367
-391012
4188684
-229303
3161722
1707771
489892
2437503
5087653
1258159
2118500
1222757
2719145
1222577
-222604
1712802
-660220
4493498
3406323
4938832
360181
1023071
-1080793
99176
2466382
2228033
-1076296
4512978
1589008
4167763
3177061
-1709367
233334
4332722
1542278
3889455
-81337
3607484
2370077
-223963
-1881461
5750914
2578738
2223547
3701666
4020847
1444856
1612504
5131883
821820
2001361
686498
4442424
2144069
986731
3263275
1955065
2505784
204341
2683984
2325903
4054479
2468839
1439942
1045048
-396480
1634694
1043755
800726
2901780
2204337
1391024
-637877
-1760702
-308533
1134632
4581881
2356142
3165233
3557454
1513699
6526446
-1832465
2345095
2590771
2443316
-954710
501502
2401431
1141706
143527
143021
2826303
4486989
2060049
2191395
520529
2544840
5513577
-819973
-1455552
1581055
1373762
4873799
1978859
2499021
2226856
2595542
4603319
453834
1927236
1829431
1633144
2150862
-426523
4378355
-1535444
5294
1160291
1861967
1961724
2315477
941908
1751581
2860815
2156193
1320447
1283651
3417306
480320
-3077402
2627946
4905304
3409305
409700
4184305
3877644
1289689
459485
4455586
-1805218
-139933
-621972
-2396362
2906894
710013
58610
2023181
2251868
2882544
2973827
1154066
3541575
2465975
2133842
1407617
4710990
679652
7087302
-526437
596033
2522274
-226539
-2022820
3204996
1777376
1376545
3219067
3992140
240352
1982422
3237597
3329393
-1808077
2210505
851971
2271695
-648339
3206881
2933687
2163087
3417066
4041862
942351
-1231247
1488417
-1986831
5231200
659056
3545716
4864634
3080499
779509
932073
1741674
4075556
1321345
36069
216651
4428424
2131372
2237572
2959078
51319
1191105
962529
440642
-1059268
869529
-342859
-1174673
389436
2092276
-105120
2498326
1449109
3054535
505731
2287744
5573138
661478
2307588
4470759
2922741
141429
1217246
1191565
820859
3621841
311990
-2013276
1025434
2996535
2352886
432903
4432216
2150775
639580
1886341
4410996
1175158
1801748
6179048
-605141
-754906
1077809
843209
1818185
1863397
466196
3289496
-840588
4956616
3972252
4569365
506054
2009988
1123566
1462657
2273208
2921760
2615372
1736743
-655068
3028134
2788056
1351722
1296737
144899
1350651
2634821
2035821
873191
2099842
3402737
2296433
3898353
1448839
4050129
3889598
3538207
3971656
3646567
2023765
-193864
1690970
-434677
1039056
3536347
-794316
-98263
44173
-76088
5598533
707517
1275437
1716808
2406076
1767038
489175
3087431
-806982
2566182
3286393
1694739
-2549400
2830128
2180976
-1099242
924536
2985752
5725656
470276
-612373
781110
1589946
1291507
1838840
2913219
563705
4429760
3814377
2755238
1810972
2222655
673995
5666428
1583462
3547625
984774
940587
-843584
1157389
363276
4204042
524471
3265896
-477797
3720757
258710
-1285950
2190816
3333541
4494235
3344320
1675104
-1352693
3663523
-264131
-2424531
-324733
503051
2439756
2007742
1669893
2172996
274971
3722498
3120483
4288968
-349424
-1374427
2827029
-653822
1736435
995044
2042326
-166530
1507949
1558244
2990237
2158513
1742082
1311283
1135534
4715914
710363
-161032
640911
261371
-1697979
954284
-1627308
458421
3070659
2911023
1988959
2559403
3166379
2466731
2983266
623918
1075398
577644
3494066
3410251
-698903
-1525828
6706309
1628349
2722754
333455
2064519
503107
2882210
2144109
3795707
1152375
650089
1373700
992420
2303375
-27420
788688
5453297
3311546
1967477
2531920
-39691
-1034104
5056646
-755801
2431844
3888362
4235261
1289230
732405
4950717
1470210
1353794
1140701
1289431
4990735
4863206
3342183
2463117
323892
-391900
4086203
3064166
2717479
1609810
4670336
1359071
4304392
3322508
-162731
1099876
792846
3331367
539980
3708467
-250210
1143131
5077881
16709
1625964
4420448
2599858
173670
3591692
2329064
3505351
-1127700
2535435
2424162
2668264
3567845
4156660
2698292
-283353
5704026
-355607
1472882
2259479
3265036
330657
2141071
1750848
712264
1739996
-993819
1352139
2549622
-1542688
-495719
1516824
2170461
-639054
1025188
3945721
2348097
1794023
2423653
-336516
1962162
3242117
-1062455
-493050
824914
-803602
39467
1947370
447395
1999008
1536197
24817
2755217
276820
2221582
-296222
1528374
5445958
4962708
-1356514
4006745
-290714
1593523
3907306
231219
-1292448
3831945
4676993
725742
-1435098
2187524
2436647
3176801
3298831
1943507
4560885
4597011
2719067
2900661
1427442
-1452673
5230549
3297757
4379938
-83449
6167030
3752129
1084512
3162368
2847047
2852571
-231729
2331735
3648628
-751172
2507582
1201659
283613
1905031
47310
2595933
461751
2561164
1414090
814325
1165613
4172330
1266071
696745
2532813
656999
-6383
1004031
2056241
-1313449
1337927
2021875
1418999
1371767
4786125
2732422
-3225561
1017814
1222801
1126878
3076973
2135719
-2666134
1038610
-1473659
4483106
-461944
1532576
136956
3777011
3239190
5339650
-1069805
813491
-78739
519992
1589019
1250198
565540
1605240
2174034
1171289
3920949
565424
5330192
-425140
3378049
3993905
1497046
2017910
3509250
736334
4989162
3732141
4004914
6442061
1840379
4304130
5955010
973156
2873000
-609580
3066562
915736
351830
-1677105
3826972
-910279
6637448
4403458
3464046
1834641
-710518
2641884
1933831
-312658
-1791577
6172032
2830321
2931042
2103055
3285483
937325
637119
4443724
5211404
3157921
3176094
1524962
1258916
759489
2832446
5674221
1770937
4001894
-997668
1458103
2107531
3120854
-316446
634379
3476374
6762363
3576205
-11754
2779578
2636369
1882480
-98687
387024
3616134
439014
3788613
2391792
471288
-1300100
559972
361534
-967286
2272402
4454994
4158833
2308590
1935732
1377144
843152
3098392
1765589
136349
2191202
1843216
3106224
3926528
4773709
1786262
3842307
-713156
1714728
2332198
716419
3189731
2992927
-126268
2954261
-1743230
1462946
3318328
3426414
3351696
2837861
1198674
790942
2242698
78526
6285474
1075546
2500319
3206097
-1505204
2371530
2074066
731292
2155689
734043
2012116
3457255
1121727
4706244
2177013
1165206
1556615
3909028
2965686
1948511
2114937
5224257
3421624
5898122
-915797
923862
2763561
360557
479820
6274409
284134
1584317
1946198
3599611
3936599
1777743
1820331
3002162
-87339
733060
3134705
-564020
1971222
447139
1256399
2728544
6685727
1653730
2966236
4783610
2009919
999420
-3167262
5054404
4071488
2801128
708051
1485636
-1788741
4323743
-317340
4111969
5083503
3750906
3058034
3528442
3699152
408117
1609498
1936933
-283898
3528790
-2485345
1290863
3777157
1200308
1822169
2999709
4924030
246437
1773416
205996
2412837
2690513
1854504
3597349
2071596
1086059
-1189599
-1296542
-2834602
-1087743
3548349
1732275
4889489
-934598
-8828
268457
1034103
3210787
-963949
6325791
2213217
4437873
788937
-1374078
1954934
2002640
2280323
853935
3303570
2773331
727880
2133835
4257069
4244036
1362977
87301
-742822
2272743
1418614
1381753
-366927
581219
4881918
4897109
3470374
-66195
4090442
-63441
1064194
2479815
3192744
1777507
-2172364
608690
-740336
1442452
1349747
-113659
1404790
69197
4065532
326414
3458450
898999
2476230
3752318
-2931685
3775355
3570478
6348537
3063866
-2239626
2873313
710796
879573
3616991
2186605
3457581
2383202
4164272
3403675
3920578
286154
4343250
-2227483
1497419
1100887
3148370
-134979
1510769
4612072
-438169
1402257
2257953
1485836
3856891
-476063
-1326778
2354323
