1953621
-1355319
-307539
-1162429
1504551
-3152449
-693504
-757807
-453538
893913
-840260
-1974581
-267713
-755566
-137
-889268
-5231548
-2784821
2641286
-754047
-2054064
-3124584
-2783355
-1184791
397375
783044
-4383276
-695905
-343978
244563
-1490580
-3893656
-2473651
-525208
-1588931
-881157
-2771316
-562174
362257
-667010
1339851
-2286037
-2499420
-3538871
2300241
-4653131
2731898
-479305
-2639665
-3765122
-2766060
-562697
-1446070
-535674
-4248013
-1106572
-3188215
-1193516
-1026995
881166
-1089027
-1600862
-1091908
-3512863
-3890989
280695
-3915014
2143838
-1170021
1436542
-2364082
-916739
1653655
-171972
-1732841
-1269956
-1369859
-3309126
-3497572
3082664
-4538053
681100
-2231431
-400224
-1722707
-833560
-3767663
-884405
307955
-576366
-840575
911293
-3766007
1128213
-733490
-905059
-4591470
-19921
-3313165
-17863
-3929140
-4215588
-2458127
-1743083
2178157
-777683
-3111915
-2174967
1192165
-925870
-1590668
-3980791
-503054
-6162708
-4838363
909904
-2101640
-298508
-1881453
-2127574
748404
-1267271
1522565
-2431766
-1960295
1984459
-1058507
-1876464
-3504762
-2895440
-195351
358049
-914755
-2986447
-730069
-2817031
3805364
-5645573
-3083435
-622999
-976951
-890020
-3089512
-1930581
-2403034
2349559
-4031884
-596125
-3139506
-2961849
-3254901
-2129673
-2978475
-488704
-1989739
-644139
-1632283
-1502046
-1944927
-3856628
-399949
-4214549
-1476537
-4122462
-3543463
-2017778
-284613
-2211846
-2279813
-891462
-1757254
3240947
-2675993
-2738252
406403
-172435
-1493125
-2081435
-543134
2335852
-3206148
-3445356
-1377022
-1467500
-1348187
-1937811
-1719902
-3420464
-158330
-3284677
-1324342
-1809559
-2996289
-85494
71400
-2086309
-4324642
-176937
-2380687
-3692933
-2706282
-2638607
-2908381
84077
-1423028
-1581085
-2162108
-3579949
-3774566
-886566
288056
-774349
-3418618
-2367148
-2776076
-19400
-2493476
74631
975571
-1604245
-1336718
-393398
-4146669
-1375872
-959319
-1632682
-2492951
-442889
-2028530
965662
-4025582
-1427205
179345
3194767
-3481884
-3160572
1472277
-3181888
-3099120
-2704476
-1297983
-2572432
-999235
-1267126
-3527817
-1804260
-1118063
-2780527
-2858024
-4761153
-239236
-2248156
1179039
-2277167
-528116
-150859
-27243
-1459290
-361944
-1755631
-4081347
-2957248
1020431
-3000812
1930022
-920934
-1983601
565594
-1779784
-2190068
-3739508
-2676804
-375115
-3369575
-3566735
-3866117
598651
-2095664
-2951018
252988
-479071
-487790
-1093384
2681594
-1538195
-4916590
-1896472
-1443832
-2317833
-2288363
-1695052
-217887
98946
-3600170
-4193968
2273036
-2828785
-393666
-958201
-2368802
-4355232
-103031
2177989
-4554849
42794
1322474
-1728219
-4209877
-3126388
-2062465
-963299
-1383803
-4228475
-3512289
-4601666
-210330
2969762
680272
-1644587
-2612313
325797
12999
-2523390
-3360720
607903
-3081925
424782
470245
-4832092
-4740127
-3480997
-3106389
-277237
-4483913
-394289
-1723414
-2491278
-4851292
-74512
-350945
495671
-2090522
-923850
-441200
2203005
662570
-2353546
-2259217
2938000
-6318758
457134
-1305965
-55611
-1408571
-1468647
-4024746
-3407263
-2603695
-632524
306048
457317
2294876
-1269590
-2862738
-1194623
-1377949
-2992833
-1394801
-3572800
1832125
-3594643
-3239605
-937089
-731768
-755893
-1972139
-5721651
1012603
2518305
-2078591
-1311134
-2346720
-2610697
1838319
-985701
77397
-3147707
-3001362
-719118
-1734225
-614205
111811
522801
-319676
388167
-1971754
-2081506
-1163773
-2759673
-881757
-3047515
-2197960
-4854080
-916470
971217
720491
-20294
-2976661
642394
-1908471
-686734
-3088778
-1490700
-1661660
-750261
-2066980
1694934
316942
1942382
-1187807
-2288464
-3204341
-688125
-4378193
-4266180
285295
-1452628
896984
-2224191
-319233
-2111248
-405174
-5238007
1472239
-1235199
-3302810
-3155457
-2764408
-2397545
148202
-3175380
-750810
-2777119
979384
3175861
-2460820
-381944
203661
-1564305
-1118780
-1393600
-3814922
-1292017
2983036
155812
-3048915
-1061095
-2983988
146285
-2366417
143837
-6812670
-338686
-1327182
-2623605
-542681
-3466212
-1295431
-2508145
-2039100
410545
-2977162
-5292503
-3708193
-4631529
-1997332
-1059875
-2831859
-2213901
-4942221
-2692598
-34169
-857347
-3902112
-1107995
533471
-3808266
93089
-337075
-15944
708827
-1634990
-902632
-4622916
-524635
231217
-576418
-2261744
-1343755
-1782525
-3325402
-3216982
-1804606
1088496
-1970161
792878
-100844
-4152345
-273488
-1730890
-5469134
918609
713293
2349720
-743359
-3475195
2876115
-619399
-1361719
-822491
-2412654
4466060
-4638794
-1166004
-3420710
395535
-2129179
-1373545
-2587448
-2062463
-1629770
-322299
-5134034
1232242
-717823
-1079592
-3628479
2556158
-216708
-1157980
-4697133
-2428464
-135959
-2719640
205452
-1333986
824726
-827668
-1095718
798966
-2184275
1540968
-37071
-2320618
-1886296
-3012022
-953136
-602711
-2635738
-4544466
-966223
-4151642
-1189658
-3553489
887249
-185154
-2445257
-2117939
-690212
-2585437
-2619553
52625
-2397792
-1658744
-1656233
2199829
-2247249
-3262916
-2458409
-1465413
-731297
-1346138
538197
-3599731
-2776868
-5294258
-2597501
-3977212
-2442190
-2711111
-5342340
622583
-2181535
-67984
-389749
-3743709
1319239
-1480199
-1610051
2314315
2136010
-4284603
-2438948
-369857
-1846534
-550653
-3321333
-3812908
-1617140
-4958163
-1327750
-515925
-2718191
-2327220
-1749976
-1844710
-1276564
-3258932
893276
-1818982
-3616560
-2015674
793845
1089001
-815841
384505
-1648054
-904504
2297780
-2105130
-1575058
487703
566459
-1335539
686848
-1894657
-1145982
-520504
-446767
-2333072
-1411715
-1665888
-4908001
-2475442
-2128909
-5203003
-2442977
-1614749
-4989340
-3516813
-4013253
245096
1094097
-6762450
-1465419
-3250384
-2798605
-2196751
-307646
-1690506
-356369
-2120455
828390
-4442901
-1481049
-2945538
-2517616
-519775
289360
-592041
-6041073
-3983912
-2364896
-264157
-626088
-2517751
-477140
451425
-2012758
-698347
-3320125
-286976
-706128
194562
-4676354
-2270337
-123202
-794796
-1277977
2625553
-1281966
696471
-476269
-4989773
-2699540
-2317972
-1157988
-1417161
-2886482
2784236
-3570765
-3756881
-2461244
-1749067
-1179943
-475837
-3292744
-2210258
-1822847
-2047035
40053
588297
-376561
-485614
-1253988
123130
-2044227
-3090749
-2817083
1522695
-139751
-1711753
26752
-1245746
-1684807
-25740
323246
-2034278
-1295348
849909
-899363
-3576156
-1019047
-75926
-504480
-2016622
-1187402
-526609
-2224138
-3174345
-942810
-2774417
-811560
429513
510363
-2763259
-3671444
-187325
-1095269
-3546466
353173
-3561694
-2878970
-483691
-6541760
-1234855
-481841
-2484151
-1842575
2064444
-5318388
-3864137
-2783505
-4764327
-2956261
-3749858
-1231498
-5273007
-2073633
-3069740
-2463482
-4024479
-2997199
425258
-608281
-1631278
-530510
-716077
-3002539
1741693
-31199
-2130352
-1385762
-2862768
-1166018
1663560
-925708
-941729
-1080151
-639348
-79758
-343258
-900980
-3809318
-2547730
-3902540
-329904
-1344157
-4209237
-726856
530805
-1979283
-205412
582376
-2694801
-2642724
3698036
-2697653
-2441621
498699
-1238774
201663
-2315082
-2165755
-166802
-1179496
5039874
-2154406
-2845928
-1845337
-768382
-3858382
-4583003
-907504
-1020178
-576545
-1388363
-224607
-5229816
-2468232
-3978390
-1933502
-1432281
966494
-1459831
-6122382
2120898
-2146378
481055
-5493722
-1265737
-1273516
-1768429
-491639
-1777043
-6105714
-3434958
-4256324
-1835230
863001
-6949
-6103500
454054
-605992
-3551816
-722861
-1361415
-3254172
194160
-1492164
370884
2301559
-5094345
-1184887
-2193406
-3024307
-1439108
883752
-4210722
92368
-2847236
70473
-1427426
-1070318
-5746838
-1333
-1572545
-1167693
-5303096
-1113953
-1681633
-505019
-4176337
-836817
-4127511
-5019868
-3789920
743376
525514
-1502152
-3198132
-2305660
-4274851
-1494613
366693
-367350
-4486277
-2789791
-1399597
-3831683
-4545297
-1805605
53552
-386528
111548
-754952
22073
-2446357
-276034
-2341360
537790
-1338784
-3400707
-1243742
-1893779
-2557268
-1533802
-525488
-2963791
-987536
-1849106
-2450866
2385987
-283976
-1280470
-650093
928362
-1421892
-431659
-71662
-763178
-2438339
-405622
540559
-2463978
-646826
-3517301
-1221767
1102708
-58685
-349934
1459784
-3737619
1089840
-4359240
-4020560
-95385
-1008550
-813497
-1262194
-2393963
-3074987
-2285536
-3243410
-1857735
1612580
-2468816
-240961
-5111452
-1958920
-516563
-1195137
-1104235
-978496
3865253
-757584
-3682431
-4440485
-3737854
300510
-3727292
-1942037
-3508739
847662
-5566057
1364620
-2784882
747358
-707931
1342508
-3223705
-1904681
-1236352
-3525530
-1492746
-3224294
47614
-1535610
-245720
-2333643
-1012669
61350
1979810
-2412450
-155145
-4559529
-1466119
-3905090
-1400713
-2171459
