22
-12
-22
20
6
2
6
-32
-8
-14
-8
26
31
46
-38
-2
2
-28
-12
58
12
-4
-22
28
-8
34
-4
2
28
30
24
-14
-16
-10
26
34
18
-14
-14
-12
-48
16
-5
-6
-4
16
21
34
38
-22
14
-22
-2
22
10
15
6
-28
-8
28
26
27
-32
4
-18
12
-46
34
-10
-34
-30
-10
22
4
30
-20
14
-6
-10
30
-6
-2
-18
2
0
-22
15
0
12
-24
52
36
18
-50
34
-14
4
-2
-1
6
-4
14
12
-4
-14
-1
-26
56
-26
38
-6
-4
-28
-20
4
-28
-18
4
20
-6
-11
-34
-6
26
4
16
-2
-8
20
25
-4
12
20
-22
-14
-12
50
14
8
28
-10
-2
10
20
-12
14
-28
-2
8
10
-18
38
-8
14
-8
-46
25
24
-21
-38
-16
18
-8
-12
40
28
28
-22
-18
12
-2
-42
-6
6
-5
-36
16
4
-10
2
22
12
18
26
0
55
-19
-32
-20
5
-18
-2
15
-2
-6
-2
-18
-12
16
-8
-2
0
22
34
-2
6
-18
28
4
-2
-18
-22
34
-2
36
36
14
10
-14
-20
40
-6
0
36
-1
-16
12
2
10
-8
16
-6
-20
24
0
-40
-2
20
-10
0
-6
4
-2
2
16
34
-2
24
28
16
-8
-2
4
-6
14
-4
24
-33
-10
24
-3
-2
8
-14
10
6
8
-8
-10
6
0
10
-33
2
46
34
-10
-14
10
0
-4
-40
2
13
4
18
-16
20
6
24
-12
2
22
14
6
6
4
-14
38
20
22
-24
-12
-16
14
-8
-10
4
47
10
-2
16
28
18
25
-2
-24
11
18
-2
22
0
-12
-10
2
34
4
12
18
-16
20
56
-2
20
27
-14
-24
18
-10
-14
2
18
-4
-6
32
-17
0
-32
19
14
-8
8
18
12
-16
6
-30
10
-16
8
12
8
-32
-20
28
2
2
12
-20
34
-26
20
-12
28
-20
-4
-18
-6
2
33
-6
-28
4
5
34
-15
4
-21
12
28
30
-4
-14
0
-28
6
18
-18
11
6
-10
-36
-18
14
-16
-4
6
-6
24
-10
-14
0
-4
-60
24
12
6
13
-30
-13
8
-16
-28
4
8
-36
8
-16
-2
-20
10
-7
18
-28
14
-28
4
-6
-2
16
16
-47
-20
-22
16
-25
6
-40
32
-22
-18
-30
34
-10
-18
24
-24
5
10
-26
-12
0
-8
24
12
-10
-32
-26
14
-26
-6
-11
-26
36
-4
4
10
16
-10
-20
16
-18
8
-38
-14
-24
-12
-3
-1
30
-44
0
14
-34
-20
30
12
12
-6
11
26
4
10
-22
46
32
18
-20
-40
-6
20
8
-11
-22
14
4
36
-4
-20
-40
11
-34
26
-30
0
-30
0
7
6
32
-34
-21
6
-2
-5
-18
-12
52
-18
-2
-22
18
9
-10
13
-14
8
18
27
-42
4
4
-20
1
-14
6
-5
-8
-10
-12
2
28
8
-21
-15
36
-16
-18
-34
10
8
22
-8
44
8
14
-14
4
22
20
0
50
-14
28
12
-36
-4
32
4
-26
20
22
-4
20
8
46
-4
-8
-64
-6
-10
-8
-50
22
-8
-14
-6
34
14
-8
8
-18
-2
20
-2
26
32
-18
-6
10
22
-12
-36
-43
-20
-6
-20
10
-28
-14
38
6
-16
23
-16
2
6
14
2
1
16
-12
16
2
-38
4
22
-28
-26
-12
-24
-2
4
17
34
2
-12
-22
22
-12
30
-2
-30
14
-8
-24
-28
-20
-20
-30
8
4
-1
32
-28
-18
-21
-29
14
-14
-26
-12
-12
-8
-2
-2
-16
12
-10
12
-2
-30
-8
26
18
-48
2
-8
-32
4
18
-34
6
-14
28
-22
34
0
6
-26
4
-16
8
-28
-2
-46
26
0
12
6
24
-2
16
30
16
-18
-16
-42
-14
18
22
13
-4
-32
30
-2
-18
-4
-44
2
-4
-24
24
4
3
2
46
-4
32
10
-38
-16
16
-10
-8
-4
0
14
4
0
-6
-12
32
44
20
-10
-27
24
-2
25
8
-34
-10
18
32
1
34
31
10
-4
-26
0
17
16
-40
20
-20
-20
-6
-20
23
10
8
-12
-4
14
24
-4
20
20
12
18
36
-25
18
16
1
28
2
18
-28
14
-6
26
-2
20
-26
-1
6
8
0
-26
-36
-44
-8
-24
-30
-22
16
0
34
16
28
21
18
0
-4
-14
22
-20
12
-48
-35
14
-8
-28
-20
-18
32
-28
22
14
-48
-4
5
-4
-26
34
0
-12
16
-6
-10
16
-40
-34
-13
24
22
-22
10
-28
4
-16
2
51
-10
4
14
-4
-68
-11
12
-6
10
24
-46
0
-7
-18
2
10
18
-24
4
4
-22
2
2
20
4
-44
-24
-14
-24
-10
16
-18
-2
24
12
-32
18
1
10
-14
-2
8
2
10
50
24
16
12
-8
23
-20
-28
24
-20
22
4
-2
-6
34
2
28
2
-16
-24
34
58
-2
10
10
-22
-8
14
-40
-6
-20
-8
8
4
6
-8
-5
-8
-4
35
-22
-30
-20
-2
-14
-18
-4
-10
16
-20
-4
0
8
14
10
20
8
-10
10
2
-4
-4
-8
-10
-15
-18
19
18
38
12
-26
22
28
-10
30
-8
14
5
-14
-22
