177
194
180
200
264
214
268
221
208
218
164
186
218
150
182
246
300
220
268
198
226
212
142
182
208
248
176
244
152
236
158
226
242
280
170
178
238
136
224
266
250
312
242
240
256
340
210
219
234
226
250
163
280
174
296
214
230
223
264
212
237
298
301
278
146
208
254
238
234
188
144
164
194
243
205
224
180
90
330
214
246
217
204
112
180
258
226
208
207
246
298
174
276
322
109
238
236
204
152
264
248
198
260
280
186
250
188
314
220
260
160
277
228
154
224
274
234
326
216
116
296
198
127
300
186
210
256
214
208
232
226
253
266
268
166
248
242
222
242
178
170
259
240
216
242
210
180
322
294
256
185
228
150
194
206
268
229
264
136
192
214
192
182
228
206
226
220
208
158
109
348
276
214
174
187
301
144
170
204
195
206
250
193
203
288
351
192
214
318
132
182
252
324
234
164
282
222
310
324
202
246
330
216
188
172
210
254
170
226
192
290
184
252
260
186
214
185
142
158
286
255
242
178
202
200
211
212
208
216
226
156
282
154
161
199
244
210
208
246
290
226
222
266
202
196
242
224
218
286
247
180
238
156
212
226
225
234
166
248
164
214
236
170
132
248
254
268
260
256
178
190
148
245
282
234
174
224
160
222
230
319
276
270
182
172
330
192
230
218
177
198
196
232
192
266
240
240
194
136
170
180
224
262
250
300
140
248
239
178
252
260
188
214
258
318
114
267
187
264
226
192
205
200
178
228
276
140
282
142
210
162
128
236
211
236
174
288
197
330
256
236
316
274
224
268
190
168
220
218
242
256
216
276
286
280
96
270
103
162
213
304
172
268
232
228
252
114
216
190
242
223
250
234
186
200
120
266
214
220
202
296
211
352
188
182
182
298
140
192
218
162
234
234
180
244
260
170
178
208
142
156
200
238
218
224
252
220
282
164
98
208
232
226
326
296
238
286
338
150
234
294
243
220
354
192
242
220
234
242
210
184
276
218
294
222
228
202
266
204
156
138
232
176
218
192
206
274
214
198
230
210
310
168
262
136
262
238
224
155
190
276
172
168
212
220
188
218
254
266
262
186
202
198
188
178
217
116
309
166
232
242
250
226
110
246
240
200
338
207
212
222
282
182
265
144
186
204
264
268
112
232
306
196
192
202
228
300
229
298
200
238
318
270
140
198
278
262
218
288
172
244
144
214
188
266
166
226
228
226
272
194
244
246
234
198
170
250
211
220
190
186
226
208
230
212
258
168
150
270
232
238
176
176
232
300
290
224
172
176
184
210
266
256
252
246
76
212
232
253
163
284
182
160
196
176
188
261
238
229
132
238
195
178
264
200
238
322
187
246
326
288
176
236
250
234
173
196
152
194
198
186
176
248
212
78
214
218
258
130
190
250
204
210
344
206
210
270
190
170
190
230
226
254
308
396
158
248
240
262
264
216
212
184
254
220
262
228
175
328
142
198
260
320
254
248
156
170
213
212
252
195
224
122
174
186
236
124
238
170
246
254
308
204
226
192
318
258
240
194
290
244
244
146
258
206
260
201
178
244
200
168
276
288
182
240
236
184
244
170
229
228
190
122
140
225
190
224
225
203
222
160
208
188
182
266
202
184
188
209
222
296
304
254
208
224
180
246
240
200
222
190
240
224
154
228
201
262
100
194
272
216
264
158
160
220
164
324
284
112
170
201
170
136
236
234
171
180
262
220
223
106
316
208
254
240
154
272
191
164
298
208
248
326
242
146
218
220
264
184
208
189
212
206
240
236
266
200
258
271
209
246
226
256
142
212
156
288
240
258
332
225
220
142
138
198
226
224
270
152
200
172
166
140
132
226
204
220
236
204
268
278
248
162
256
195
222
292
194
182
270
261
211
200
178
214
169
226
182
310
206
292
212
229
212
226
176
294
192
243
210
252
198
308
178
102
180
219
216
248
194
166
188
206
128
202
276
232
276
123
244
182
226
280
270
72
190
262
253
278
209
132
292
252
214
248
244
142
228
172
174
186
244
238
305
250
180
234
222
188
174
230
134
220
123
190
168
243
173
158
224
260
214
288
228
242
310
226
252
220
226
154
176
200
258
230
234
326
280
220
242
210
196
322
256
186
262
234
244
192
228
294
276
250
248
146
170
290
224
94
252
280
194
179
202
182
286
258
254
108
274
250
282
294
210
186
156
216
291
180
186
186
286
176
178
205
262
194
334
138
194
252
246
320
128
258
186
244
222
224
228
272
280
192
252
318
136
112
200
198
300
72
184
244
264
162
152
244
242
188
208
