-71
-92
-90
-54
-34
-42
22
-87
-72
-76
-108
-140
-18
-108
-44
-64
84
-28
-24
-88
-50
-30
-100
-90
-48
-30
-60
-36
-110
-12
-82
-24
-46
6
-72
-94
-36
-126
-62
-30
-6
54
-92
-12
-30
56
-58
-73
-50
-66
-44
-105
-24
-86
22
-66
-70
-61
-16
-10
-45
0
55
-34
-138
-98
-18
8
-40
-50
-134
-86
-62
-59
-75
-78
-90
-160
-8
-18
-26
-45
-68
-160
-112
-4
-70
-88
-45
-48
20
-108
-6
84
-157
-60
-16
-96
-140
-30
-20
-44
2
-26
-104
-28
-118
6
-48
-30
-64
21
-28
-128
-60
-86
-22
80
0
-176
-32
-42
-201
76
-88
-102
-46
-40
-56
-66
-28
-31
-8
-8
-84
-10
-46
-60
-52
-38
-106
1
-14
-24
-42
-16
-112
30
40
-24
-57
-86
-104
-46
-114
-4
-71
-36
-140
-90
-130
-42
-94
-72
-30
-40
-36
-64
-104
-139
28
-24
-114
-96
-105
37
-164
-74
-60
-91
-58
4
-123
-19
-8
39
-78
-68
-14
-152
-98
-46
76
-2
-140
20
-60
10
68
-84
-38
52
-18
-120
-92
-62
-38
-90
-36
-74
-2
-68
-46
8
-72
-68
-85
-100
-140
-18
5
-58
-106
-110
-72
-37
-90
-46
-102
-88
-102
-4
-118
-87
-67
-16
-62
-62
-68
0
-84
-66
-6
-62
-104
-90
-24
-64
26
-9
-104
-72
-106
-62
-26
-57
22
-140
-32
-58
-64
-50
-112
-102
-2
-86
4
-22
-22
-64
-96
-92
-45
-2
-38
-124
-64
-132
-92
-38
21
44
-62
-50
-124
16
-140
-26
-54
-85
-80
-44
-18
-140
6
2
-28
-50
-158
-80
-58
-38
26
-10
40
-106
-78
-11
-62
-20
-38
-78
-88
14
30
-176
33
-65
-22
-42
-34
-77
-74
-92
-54
-8
-118
6
-118
-62
-122
-146
-14
-91
-36
-124
24
-53
60
-4
-34
46
58
-34
34
-112
-98
-66
-60
-38
-28
-62
-68
-8
-2
-128
-24
-159
-100
-45
42
-62
8
-68
-34
-30
-116
-48
-38
-12
-37
-24
-30
-102
-52
-118
-34
-100
-114
-66
-16
-53
12
-104
-68
-26
-14
-94
-84
-76
-88
-8
-44
-118
-40
-26
-112
-78
-58
-98
-86
-44
-44
-34
-32
-56
-68
-10
-150
-184
-68
-28
-76
20
-6
-76
-36
16
-70
-38
22
-43
-28
38
-118
-52
-24
-70
-40
-46
-86
-68
-40
10
-62
-64
-82
-54
-54
-58
-122
-70
-70
-54
-96
-72
0
-58
-56
-36
-70
22
-70
-10
-66
0
-22
-44
-119
-100
-22
-110
-92
-54
-114
-52
-72
-12
14
-6
-98
-30
-84
-94
-132
-67
-174
-29
-98
-46
-40
-30
-6
-154
-46
-88
-100
32
-23
-60
-74
34
-60
1
-174
-90
-78
-38
70
-166
-60
44
-84
-80
-64
-50
44
-77
54
-78
-48
54
-16
-118
-118
6
-6
-62
8
-72
-56
-132
-84
-84
-50
-82
-56
-70
-26
-26
-32
-68
-58
-32
-34
-72
-16
-81
-38
-126
-80
-42
-98
-36
-16
-24
-48
-94
-60
-42
-92
-74
-94
-18
38
6
-86
-44
-92
-82
-66
-36
50
-6
-42
-212
-58
-74
-31
-73
-12
-70
-92
-96
-56
-146
-7
12
-69
-112
-14
-99
-100
-24
-98
-76
26
-121
-70
22
12
-100
-8
-4
-16
-59
-62
-96
-116
-64
-54
-66
-18
-42
-178
-52
-34
-12
-136
-104
-76
-88
-68
16
-22
-66
-26
-54
-68
-80
-48
-36
-32
-2
64
-146
-52
-18
-14
-12
-32
-78
-72
-26
-50
-24
-64
-109
44
-128
-96
-42
24
0
-18
-52
-70
-81
-84
-12
-41
-86
-104
-66
-90
-28
-148
-126
-84
-40
8
26
-54
-12
-64
62
-12
-34
-70
-14
-28
-12
-154
-8
-120
-36
-71
-86
-36
-36
-98
16
36
-56
20
-42
-100
-52
-72
-39
-42
-72
-152
-132
-69
-38
-40
-83
-107
-72
-96
-50
-60
-128
-30
-62
-82
-64
-71
-56
-32
-40
-16
-54
-18
-102
16
-72
-62
-6
-38
-16
-72
-102
-46
-49
8
-144
-36
-10
-84
-10
-110
-80
-30
-78
10
0
-136
-66
-73
-58
-110
-78
-44
-113
-110
-6
-122
-33
-162
58
-70
42
-20
-102
16
-65
-140
14
-64
-40
38
-28
-126
-40
-90
26
-54
-86
-47
-80
-78
-68
-10
8
-66
-14
9
-39
-20
4
-36
-116
-38
-92
-12
-52
-46
36
-75
-22
-94
-146
-52
14
-86
16
-92
-84
-96
-140
-188
-94
-54
-128
-54
-20
-130
-28
-8
-74
-72
-26
-25
-16
12
-126
-48
-12
-21
-67
-40
-126
-30
-81
-68
-74
48
-84
52
-56
-25
-74
-50
-130
-16
-36
-13
-84
18
-52
70
-62
-182
-88
-53
-38
-22
-50
-84
-68
-62
-132
-26
38
-48
34
-159
-40
-66
-62
-60
-56
-146
-10
-70
9
-20
-55
-110
16
-56
-40
-40
-70
-100
-50
-132
-90
-98
-16
-64
59
-38
-94
-64
-30
-136
-94
-26
-122
-84
-111
-106
-112
1
-85
-114
-56
-36
-46
12
-86
-24
74
-32
-54
-86
-78
-64
-112
-74
-74
-20
-136
64
56
-190
18
-86
-84
30
-82
-78
18
-6
-12
-92
-68
-8
-38
-22
-70
-80
-106
-38
-64
-196
-90
28
-86
-85
-112
-84
-28
-38
-36
-96
22
-38
-8
-42
-64
-64
-70
-28
-41
-92
-80
-76
-22
-16
-50
-53
22
-84
104
-74
-76
-42
-40
72
-142
10
-80
-10
-84
0
-12
10
-28
-60
-70
46
-194
-128
-88
-56
-14
-182
-40
-26
-44
-128
-124
-62
-62
-64
-112
