34
50
4
26
56
38
24
18
44
14
32
60
29
49
14
46
0
50
52
44
15
44
-2
42
28
44
-22
32
4
18
60
58
56
62
74
60
54
-4
10
30
52
38
0
32
24
22
20
40
44
14
28
36
8
60
24
48
42
16
36
42
30
10
-5
52
46
44
26
-8
53
32
38
48
46
52
48
66
68
64
71
26
13
36
61
28
48
38
16
24
16
25
54
34
50
42
22
56
-4
41
12
-6
12
30
6
34
40
52
56
51
12
26
58
22
26
52
14
44
70
18
54
32
42
6
12
14
68
68
56
54
44
12
30
22
47
28
8
44
15
64
64
38
26
4
40
76
54
27
46
34
58
50
4
32
39
34
28
56
12
44
32
6
1
68
25
28
14
30
26
25
32
56
40
2
72
20
52
23
18
26
44
51
33
28
82
49
42
30
30
6
68
34
28
40
18
62
50
43
-10
47
46
52
8
54
38
6
50
34
30
12
52
16
38
30
38
44
14
24
30
1
40
74
54
40
20
34
16
34
58
18
36
24
6
2
26
42
20
24
78
36
8
44
33
-8
54
54
52
52
8
8
50
58
34
34
44
40
28
16
-8
6
58
64
8
21
24
38
50
71
14
46
48
34
58
46
56
40
26
38
22
54
22
26
66
12
12
64
26
18
42
38
61
10
12
18
54
90
14
8
19
34
22
38
66
68
0
6
12
28
32
0
38
38
25
27
4
12
18
10
60
44
6
40
56
42
21
14
66
46
-8
20
20
88
8
8
28
56
22
34
28
31
34
49
18
42
32
14
36
86
34
64
60
24
50
6
46
48
28
22
24
12
40
12
14
6
18
22
22
54
38
40
16
17
60
48
32
56
4
31
30
60
38
24
10
18
31
0
-10
40
35
-2
12
28
22
32
24
4
50
62
27
42
36
24
44
46
30
28
21
6
1
24
36
44
62
40
32
20
40
22
52
56
38
34
-28
46
32
10
20
24
48
29
40
9
48
24
4
26
90
24
58
26
32
12
38
12
32
50
24
20
38
42
16
26
28
48
20
14
72
36
12
20
43
30
9
42
14
36
36
54
46
54
18
34
55
52
-6
32
18
18
22
26
13
0
36
28
58
40
10
56
48
25
30
42
48
24
38
26
-4
14
61
46
4
22
34
30
60
10
32
28
42
-12
47
28
18
28
-12
32
30
54
46
50
-8
32
44
42
36
14
36
28
34
16
12
38
50
68
20
6
52
48
20
18
28
32
44
8
58
-8
16
30
22
12
44
16
52
50
14
-18
26
20
60
12
8
32
24
66
32
-3
28
41
26
52
32
45
36
-12
28
42
68
14
16
23
72
32
2
34
68
12
50
38
37
15
61
24
46
69
50
56
10
48
14
18
68
32
60
36
46
62
30
66
56
43
58
-4
24
-2
48
28
41
34
30
48
32
60
48
12
38
42
22
42
38
30
42
54
10
60
40
28
12
30
26
36
48
26
46
71
32
28
38
28
38
58
58
0
52
0
12
22
62
38
14
26
31
36
94
80
22
-2
40
54
18
22
2
8
50
28
14
52
23
74
42
68
32
30
26
16
28
6
26
12
-14
30
58
20
32
46
32
44
48
20
44
48
29
46
34
38
38
51
32
14
10
50
10
40
17
18
58
46
-10
48
34
78
44
50
30
60
39
22
36
50
30
36
14
52
32
27
4
30
-6
58
18
4
44
36
20
-2
38
38
36
34
12
12
47
30
50
78
38
20
68
53
34
-14
20
20
46
52
26
8
44
50
34
64
50
59
32
30
4
16
70
58
8
22
21
16
0
46
12
20
12
44
38
-16
30
16
72
10
30
26
40
32
49
26
10
28
30
40
16
32
28
30
56
32
74
44
18
28
64
24
14
8
62
66
33
48
55
-6
52
36
48
44
62
70
26
48
46
72
30
14
34
62
8
36
50
10
37
52
14
60
8
26
34
20
8
48
18
14
62
41
22
38
32
66
28
28
26
34
46
42
10
18
38
34
17
4
16
36
4
28
36
24
58
31
88
40
34
20
96
40
32
46
59
54
54
18
56
14
46
18
48
54
26
42
36
66
26
20
50
36
34
50
44
48
36
42
24
26
2
28
34
28
8
24
60
20
22
63
60
50
26
20
70
37
26
10
31
18
36
30
20
40
12
50
47
28
8
67
54
52
32
68
48
54
20
30
20
41
26
44
61
32
20
34
16
72
36
52
28
42
40
22
34
30
58
28
-12
50
26
36
-6
30
62
58
66
51
26
38
64
15
6
38
42
44
0
22
26
48
34
38
4
6
44
24
48
30
