251
2546
1 226
1 223
1 212
1 210
1 205
1 203
1 192
1 177
1 164
1 161
1 150
1 115
1 98
1 81
1 69
1 60
1 59
1 50
1 45
1 25
1 16
2 221
2 204
2 201
2 195
2 190
2 165
2 151
2 131
2 108
2 73
3 142
3 111
3 109
3 87
3 80
3 52
3 43
3 19
3 15
4 242
4 229
4 154
4 116
4 77
4 68
4 46
4 38
5 241
5 240
5 160
5 139
5 129
5 113
5 79
5 78
5 56
5 27
5 6
6 5
6 227
6 218
6 105
6 103
6 78
6 68
6 56
6 33
6 27
7 237
7 179
7 167
7 148
7 141
7 130
7 118
7 100
7 99
7 55
7 17
8 231
8 198
8 189
8 185
8 182
8 158
8 149
8 126
8 102
8 72
8 66
8 58
8 43
9 247
9 245
9 222
9 213
9 211
9 208
9 180
9 153
9 144
9 86
9 83
9 44
9 31
9 12
10 196
10 143
10 115
10 69
10 59
10 34
10 24
11 247
11 176
11 124
11 107
11 106
12 9
12 247
12 245
12 213
12 208
12 176
12 153
12 144
12 86
12 83
12 44
12 31
13 243
13 199
13 183
13 171
13 122
13 114
13 95
13 89
13 42
13 37
13 36
13 29
14 193
14 175
14 163
14 134
14 130
14 104
14 101
14 20
15 3
15 167
15 134
15 130
15 87
15 52
15 19
16 1
16 226
16 223
16 212
16 210
16 205
16 203
16 164
16 150
16 115
16 81
16 67
16 59
16 50
16 40
16 25
17 7
17 237
17 179
17 167
17 148
17 141
17 130
17 118
17 100
17 99
17 55
18 230
18 224
18 183
18 171
18 159
18 135
18 122
18 82
18 42
19 3
19 15
19 142
19 95
19 87
19 52
19 36
20 14
20 244
20 193
20 180
20 175
20 104
20 101
20 85
20 80
20 71
21 248
21 221
21 195
21 191
21 165
21 128
21 117
21 90
21 76
21 41
22 241
22 234
22 231
22 189
22 185
22 139
22 72
22 66
22 63
22 28
23 146
23 121
23 74
23 57
23 54
23 35
24 10
24 223
24 196
24 177
24 115
24 69
24 59
24 34
25 1
25 16
25 226
25 223
25 212
25 210
25 207
25 164
25 150
25 115
25 81
25 67
25 40
26 200
26 112
26 97
26 64
26 61
27 5
27 6
27 241
27 240
27 227
27 218
27 139
27 103
27 79
27 78
27 56
28 22
28 241
28 234
28 231
28 189
28 185
28 139
28 72
28 66
28 63
29 13
29 243
29 224
29 199
29 183
29 171
29 122
29 114
29 95
29 42
29 36
30 228
30 225
30 219
30 168
30 147
30 138
30 110
30 92
30 65
30 48
31 9
31 12
31 245
31 222
31 220
31 215
31 213
31 211
31 208
31 180
31 157
31 153
31 144
31 83
31 80
31 71
31 44
32 242
32 229
32 154
32 116
32 38
33 6
33 249
33 232
33 227
33 209
33 202
33 188
33 186
33 169
33 161
33 152
33 145
33 105
33 103
33 94
33 78
33 53
34 10
34 24
34 223
34 164
34 115
34 59
35 23
35 146
35 121
35 74
35 57
35 54
36 13
36 19
36 29
36 199
36 142
36 95
36 89
36 42
36 37
37 13
37 36
37 183
37 99
37 89
37 42
38 4
38 32
38 242
38 229
38 154
38 116
38 96
38 77
39 216
39 184
39 127
39 110
39 75
40 16
40 25
40 212
40 210
40 207
40 150
40 81
40 67
41 21
41 248
41 221
41 195
41 191
41 165
41 151
41 117
41 90
41 76
42 13
42 18
42 29
42 36
42 37
42 199
42 183
42 171
42 122
42 89
42 82
43 3
43 8
43 197
43 182
43 158
43 142
43 136
43 109
43 102
43 87
44 9
44 12
44 31
44 245
44 222
44 220
44 213
44 211
44 208
44 157
44 153
44 83
45 1
45 249
45 232
45 226
45 223
45 205
45 203
45 192
45 186
45 177
45 169
45 161
45 145
45 98
45 94
45 81
45 69
45 60
45 50
46 4
46 233
46 218
46 105
46 96
46 84
46 77
46 68
46 49
47 187
47 178
47 170
47 162
48 30
48 225
48 219
48 168
48 147
48 138
48 110
48 92
48 65
49 46
49 249
49 233
49 218
49 217
49 202
49 186
49 145
49 105
49 84
49 51
50 1
50 16
50 45
50 249
50 226
50 223
50 205
50 203
50 192
50 186
50 177
50 161
50 145
50 98
50 94
50 81
50 60
51 49
51 249
51 233
51 202
51 186
51 145
51 105
51 98
51 81
51 60
52 3
52 15
52 19
52 215
52 134
52 111
52 87
52 80
52 71
154 4
154 32
154 38
154 77
154 96
154 116
154 242
154 229
155 133
155 143
155 246
155 239
155 236
155 196
155 172
156 119
156 125
156 143
156 239
156 236
156 214
156 198
156 181
156 173
156 172
156 166
157 31
157 44
157 102
157 109
157 111
157 123
157 140
157 222
157 220
157 215
157 213
157 211
157 208
157 206
157 197
158 8
158 43
158 58
158 66
158 72
158 102
158 126
158 149
158 231
158 198
158 189
158 185
158 182
159 18
159 114
159 122
159 250
159 230
159 224
159 204
159 201
159 171
235 62
235 88
235 113
235 131
235 137
235 160
160 5
160 56
160 79
160 113
160 129
160 137
160 240
160 235
161 1
161 33
161 45
161 50
161 69
161 94
161 98
161 232
161 226
161 205
161 203
161 192
161 188
161 177
161 169
162 47
162 57
162 121
162 250
162 230
162 190
162 187
162 178
162 170
163 14
163 100
163 141
163 148
163 193
164 1
164 16
164 25
164 34
164 59
164 115
164 150
164 226
164 223
164 212
164 210
164 203
165 2
165 21
165 41
165 76
165 90
165 117
165 151
165 248
165 221
165 195
165 191
166 69
166 119
166 125
166 143
166 156
166 214
166 192
166 181
166 173
166 172
167 7
167 15
167 17
167 130
167 134
167 148
167 237
168 30
168 48
168 118
168 225
169 33
169 45
169 53
169 94
169 98
169 145
169 152
169 161
169 249
169 232
169 227
169 209
169 205
169 188
170 47
170 151
170 162
170 221
170 191
170 190
170 187
170 178
171 13
171 18
171 29
171 42
171 114
171 122
171 159
171 250
171 230
171 224
171 199
171 183
172 93
172 125
172 133
172 143
172 155
172 156
172 166
172 246
172 239
172 236
172 214
172 181
172 173
173 58
173 93
173 119
173 125
173 126
173 143
173 156
173 166
173 172
173 236
173 214
173 198
173 181
175 14
175 20
175 71
175 80
175 85
175 101
175 104
175 244
175 193
175 180
176 11
176 12
176 83
176 86
176 124
176 144
176 247
177 1
177 24
177 45
177 50
177 59
177 69
177 94
177 98
177 115
177 161
177 226
177 223
177 205
177 203
177 192
178 47
178 73
178 151
178 162
178 170
178 250
178 204
178 190
178 187
237 7
237 17
237 99
237 118
237 130
237 167
237 179
179 7
179 17
179 99
179 118
179 130
179 237
180 9
180 20
180 31
180 71
180 80
180 85
180 107
180 132
180 144
180 153
180 175
180 245
180 213
180 194
181 119
181 125
181 143
181 156
181 166
181 172
181 173
181 214
182 8
182 43
182 58
182 66
182 72
182 102
182 109
182 126
182 136
182 149
182 158
182 231
182 197
182 189
182 185
183 13
183 18
183 29
183 37
183 42
183 89
183 114
183 122
183 171
183 243
183 224
183 199
216 39
216 65
216 75
216 110
216 127
216 138
216 184
184 39
184 65
184 75
184 110
184 127
184 138
184 216
185 8
185 22
185 28
185 58
185 66
185 72
185 119
185 126
185 149
185 158
185 182
185 231
185 198
185 189
186 33
186 45
186 49
186 50
186 51
186 60
186 94
186 98
186 105
186 145
186 249
186 233
186 202
187 47
187 73
187 151
187 162
187 170
187 178
187 250
187 204
187 190
188 33
188 53
188 78
188 94
188 103
188 145
188 152
188 161
188 169
188 249
188 232
188 227
188 209
189 8
189 22
189 28
189 58
189 63
189 66
189 72
189 139
189 149
189 158
189 182
189 185
189 241
189 234
189 231
190 2
190 73
190 151
190 162
190 170
190 178
190 187
190 250
190 221
190 204
190 201
191 21
191 41
191 76
191 117
191 151
191 165
191 170
191 248
191 221
192 1
192 45
192 50
192 59
192 69
192 94
192 98
192 115
192 161
192 166
192 177
192 232
192 226
192 223
192 205
192 203
193 14
193 20
193 85
193 101
193 104
193 163
193 175
193 244
244 20
244 85
244 104
244 106
244 107
244 132
244 175
244 193
244 194
194 85
194 106
194 107
194 132
194 144
194 180
194 244
195 2
195 21
195 41
195 62
195 76
195 88
195 90
195 117
195 131
195 165
195 221
196 10
196 24
196 143
196 155
196 246
196 239
197 43
197 102
197 109
197 111
197 123
197 140
197 157
197 182
197 220
197 215
197 206
231 8
231 22
231 28
231 58
231 66
231 72
231 126
231 136
231 149
231 158
231 182
231 185
231 189
231 198
198 8
198 58
198 66
198 119
198 125
198 126
198 149
198 156
198 158
198 173
198 185
198 231
199 13
199 29
199 36
199 42
199 95
199 114
199 122
199 171
199 183
199 243
199 224
248 21
248 41
248 76
248 117
248 165
248 191
248 221
201 2
201 73
201 108
201 159
201 190
201 250
201 224
201 204
221 2
221 21
221 41
221 73
221 76
221 117
221 151
221 165
221 170
221 190
221 191
221 195
221 248
243 13
243 29
243 91
243 95
243 114
243 122
243 183
243 199
243 224
242 4
242 32
242 38
242 77
242 116
242 154
242 229
229 4
229 32
229 38
229 77
229 116
229 154
229 242
227 6
227 27
227 33
227 53
227 78
227 94
227 103
227 139
227 152
227 169
227 188
227 209
227 232
250 73
250 159
250 162
250 171
250 178
250 187
250 190
250 201
250 204
250 224
250 230
203 1
203 16
203 45
203 50
203 59
203 69
203 81
203 94
203 98
203 115
203 161
203 164
203 177
203 192
203 226
203 223
203 212
203 210
203 205
230 18
230 54
230 82
230 121
230 159
230 162
230 171
230 250
232 33
232 45
232 53
232 94
232 98
232 145
232 152
232 161
232 169
232 188
232 192
232 205
232 209
232 227
232 249
245 9
245 12
245 31
245 44
245 71
245 83
245 144
245 153
245 180
245 208
245 211
245 213
245 247
234 22
234 28
234 63
234 72
234 91
234 139
234 189
234 241
224 18
224 29
224 114
224 122
224 159
224 171
224 183
224 199
224 201
224 250
224 243
247 9
247 11
247 12
247 83
247 86
247 106
247 107
247 124
247 144
247 153
247 176
247 245
200 26
200 61
200 64
200 97
200 238
236 93
236 125
236 133
236 143
236 155
236 156
236 172
236 173
236 214
236 239
240 5
240 27
240 56
240 63
240 79
240 113
240 129
240 139
240 160
240 241
241 5
241 22
241 27
241 28
241 63
241 66
241 72
241 78
241 79
241 103
241 139
241 189
241 234
241 240
239 133
239 143
239 155
239 156
239 172
239 196
239 214
239 236
239 246
223 1
223 16
223 24
223 25
223 34
223 45
223 50
223 59
223 69
223 115
223 150
223 164
223 177
223 192
223 203
223 205
223 210
223 212
223 226
246 155
246 172
246 196
246 239
233 46
233 49
233 51
233 84
233 105
233 145
233 186
233 202
233 217
233 218
233 249
226 1
226 16
226 25
226 45
226 50
226 60
226 81
226 98
226 115
226 150
226 161
226 164
226 177
226 192
226 203
226 205
226 210
226 212
226 223
249 33
249 45
249 49
249 50
249 51
249 60
249 94
249 98
249 105
249 145
249 169
249 186
249 188
249 202
249 232
249 233
202 33
202 49
202 51
202 84
202 105
202 145
202 186
202 249
202 233
202 218
202 217
220 31
220 44
220 102
220 109
220 111
220 123
220 140
220 157
220 197
220 206
220 208
220 211
220 213
220 215
220 222
222 9
222 31
222 44
222 111
222 123
222 140
222 153
222 157
222 206
222 208
222 211
222 213
222 215
222 220
219 30
219 48
219 65
219 92
219 110
219 138
219 147
219 228
219 225
225 30
225 48
225 92
225 138
225 147
225 168
225 219
228 30
228 65
228 82
228 92
228 120
228 135
228 138
228 147
228 219
218 6
218 27
218 46
218 49
218 56
218 68
218 84
218 105
218 202
218 233
217 49
217 96
217 202
217 233
215 31
215 52
215 71
215 80
215 102
215 109
215 111
215 123
215 140
215 157
215 197
215 206
215 208
215 211
215 213
215 222
215 220
214 119
214 125
214 143
214 156
214 166
214 172
214 173
214 181
214 239
214 236
213 9
213 12
213 31
213 44
213 71
213 80
213 83
213 111
213 144
213 153
213 157
213 180
213 208
213 211
213 245
213 222
213 220
213 215
212 1
212 16
212 25
212 40
212 59
212 115
212 150
212 164
212 203
212 210
212 226
212 223
211 9
211 31
211 44
211 111
211 123
211 140
211 153
211 157
211 206
211 208
211 245
211 222
211 220
211 215
211 213
210 1
210 16
210 25
210 40
210 59
210 67
210 115
210 150
210 164
210 203
210 207
210 226
210 223
210 212
209 33
209 53
209 58
209 66
209 78
209 119
209 152
209 169
209 188
209 232
209 227
208 9
208 12
208 31
208 44
208 83
208 111
208 123
208 153
208 157
208 206
208 245
208 222
208 220
208 215
208 213
208 211
207 25
207 40
207 67
207 150
207 210
206 93
206 102
206 109
206 111
206 123
206 140
206 157
206 197
206 222
206 220
206 215
206 211
206 208
205 1
205 16
205 45
205 50
205 59
205 60
205 69
205 81
205 94
205 98
205 115
205 145
205 161
205 169
205 177
205 192
205 203
205 232
205 226
205 223
204 2
204 73
204 108
204 151
204 159
204 178
204 187
204 190
204 201
204 250
238 61
238 64
238 97
238 200
153 9
153 12
153 31
153 44
153 83
153 86
153 144
153 247
153 245
153 222
153 213
153 211
153 208
153 180
152 33
152 53
152 58
152 66
152 78
152 119
152 139
152 232
152 227
152 209
152 188
152 169
151 2
151 41
151 73
151 221
151 204
151 191
151 190
151 187
151 178
151 170
151 165
150 1
150 16
150 25
150 40
150 67
150 81
150 226
150 223
150 212
150 210
150 207
150 164
149 8
149 58
149 66
149 72
149 126
149 231
149 198
149 189
149 185
149 182
149 158
148 7
148 17
148 55
148 100
148 118
148 130
148 141
148 167
148 163
147 30
147 48
147 65
147 82
147 92
147 110
147 120
147 135
147 138
147 146
147 228
147 225
147 219
146 23
146 35
146 54
146 57
146 65
146 74
146 92
146 120
146 121
146 135
146 138
146 147
145 33
145 45
145 49
145 50
145 51
145 60
145 94
145 98
145 105
145 249
145 233
145 232
145 205
145 202
145 188
145 186
145 169
144 9
144 12
144 31
144 106
144 107
144 132
144 247
144 245
144 213
144 194
144 180
144 176
144 153
143 10
143 119
143 125
143 239
143 236
143 214
143 196
143 181
143 173
143 172
143 166
143 156
143 155
141 7
141 17
141 55
141 100
141 118
141 163
141 148
140 93
140 102
140 109
140 111
140 123
140 222
140 220
140 215
140 211
140 206
140 197
140 157
139 5
139 22
139 27
139 28
139 63
139 66
139 78
139 79
139 103
139 241
139 240
139 234
139 227
139 189
139 152
138 30
138 48
138 65
138 92
138 110
138 120
138 135
138 228
138 225
138 219
138 216
138 184
138 147
138 146
137 56
137 88
137 113
137 129
137 235
137 160
136 43
136 72
136 87
136 109
136 231
136 182
136 142
142 3
142 19
142 36
142 43
142 87
142 95
142 136
135 18
135 54
135 65
135 82
135 92
135 120
135 228
135 147
135 146
135 138
134 14
134 15
134 52
134 101
134 130
134 167
133 93
133 239
133 236
133 172
133 155
132 85
132 106
132 107
132 244
132 194
132 180
132 144
131 2
131 62
131 88
131 90
131 108
131 235
131 195
130 7
130 14
130 15
130 17
130 100
130 237
130 179
130 167
130 148
130 134
129 5
129 56
129 63
129 70
129 79
129 113
129 240
129 174
129 160
129 137
174 70
174 91
174 108
174 129
127 39
127 75
127 110
127 216
127 184
126 8
126 58
126 66
126 102
126 231
126 198
126 185
126 182
126 173
126 158
126 149
125 119
125 236
125 214
125 198
125 181
125 173
125 172
125 166
125 156
125 143
124 11
124 106
124 107
124 247
124 176
123 93
123 102
123 109
123 111
123 222
123 220
123 215
123 211
123 208
123 206
123 197
123 157
123 140
122 13
122 18
122 29
122 42
122 114
122 243
122 224
122 199
122 183
122 171
122 159
121 23
121 35
121 54
121 57
121 74
121 120
121 230
121 162
121 146
120 54
120 57
120 65
120 82
120 92
120 228
120 147
120 146
120 138
120 135
120 121
119 58
119 214
119 209
119 198
119 185
119 181
119 173
119 166
119 156
119 152
119 143
119 125
118 7
118 17
118 55
118 99
118 237
118 179
118 168
118 148
118 141
117 21
117 41
117 76
117 90
117 248
117 221
117 195
117 191
117 165
116 4
116 32
116 38
116 77
116 96
116 242
116 229
116 154
115 1
115 10
115 16
115 24
115 25
115 34
115 59
115 69
115 226
115 223
115 212
115 210
115 205
115 203
115 192
115 177
115 164
114 13
114 29
114 91
114 243
114 224
114 199
114 183
114 171
114 159
114 122
113 5
113 56
113 68
113 79
113 240
113 235
113 160
113 137
113 129
111 3
111 52
111 80
111 102
111 109
111 222
111 220
111 215
111 213
111 211
111 208
111 206
111 197
111 157
111 140
111 123
110 30
110 39
110 48
110 65
110 75
110 92
110 219
110 216
110 184
110 147
110 138
110 127
109 3
109 43
109 87
109 102
109 220
109 215
109 206
109 197
109 182
109 157
109 140
109 136
109 123
109 111
108 2
108 70
108 73
108 204
108 201
108 174
108 131
107 11
107 85
107 106
107 247
107 244
107 194
107 180
107 144
107 132
107 124
106 11
106 247
106 244
106 194
106 144
106 132
106 124
106 107
105 6
105 33
105 46
105 49
105 51
105 84
105 249
105 233
105 218
105 202
105 186
105 145
104 14
104 20
104 85
104 101
104 244
104 193
104 175
103 6
103 27
103 33
103 53
103 78
103 241
103 227
103 188
103 139
102 8
102 43
102 220
102 215
102 206
102 197
102 182
102 158
102 157
102 140
102 126
102 123
102 111
102 109
101 14
101 20
101 71
101 85
101 193
101 175
101 134
101 104
100 7
100 17
100 55
100 163
100 148
100 141
100 130
99 7
99 17
99 37
99 89
99 237
99 179
99 118
98 1
98 45
98 50
98 51
98 60
98 81
98 94
98 249
98 232
98 226
98 205
98 203
98 192
98 186
98 177
98 169
98 161
98 145
97 26
97 61
97 64
97 238
97 200
96 38
96 46
96 77
96 84
96 217
96 154
96 116
95 13
95 19
95 29
95 36
95 243
95 199
95 142
94 33
94 45
94 50
94 53
94 249
94 232
94 227
94 205
94 203
94 192
94 188
94 186
94 177
94 169
94 161
94 145
94 98
93 236
93 206
93 173
93 172
93 140
93 133
93 123
92 30
92 48
92 65
92 228
92 225
92 219
92 147
92 146
92 138
92 135
92 120
92 110
91 63
91 243
91 234
91 174
91 114
90 21
90 41
90 62
90 76
90 195
90 165
90 131
90 128
90 117
128 21
128 90
89 13
89 36
89 37
89 42
89 183
89 99
88 62
88 235
88 195
88 137
88 131
88 112
112 26
112 61
112 62
112 88
87 3
87 15
87 19
87 43
87 52
87 142
87 136
87 109
86 9
86 12
86 83
86 247
86 176
86 153
85 20
85 71
85 80
85 244
85 194
85 193
85 180
85 175
85 132
85 107
85 104
85 101
84 46
84 49
84 68
84 233
84 218
84 202
84 105
84 96
83 9
83 12
83 31
83 44
83 247
83 245
83 213
83 208
83 176
83 153
83 86
82 18
82 42
82 54
82 230
82 228
82 147
82 135
82 120
81 1
81 16
81 25
81 40
81 45
81 50
81 51
81 60
81 226
81 205
81 203
81 150
81 98
80 3
80 20
80 31
80 52
80 71
80 215
80 213
80 180
80 175
80 111
80 85
79 5
79 27
79 56
79 63
79 78
79 241
79 240
79 160
79 139
79 129
79 113
78 5
78 6
78 27
78 33
78 53
78 241
78 227
78 209
78 188
78 152
78 139
78 103
78 79
77 4
77 38
77 46
77 242
77 229
77 154
77 116
77 96
76 21
76 41
76 248
76 221
76 195
76 191
76 165
76 117
76 90
75 39
75 216
75 184
75 127
75 110
74 23
74 35
74 54
74 57
74 146
74 121
73 2
73 250
73 221
73 204
73 201
73 190
73 187
73 178
73 151
73 108
72 8
72 22
72 28
72 63
72 66
72 241
72 234
72 231
72 189
72 185
72 182
72 158
72 149
72 136
71 20
71 31
71 52
71 245
71 215
71 213
71 180
71 175
71 101
71 85
71 80
70 174
70 129
70 108
69 1
69 10
69 24
69 45
69 59
69 223
69 205
69 203
69 192
69 177
69 166
69 161
69 115
68 4
68 6
68 46
68 56
68 218
68 113
68 84
67 16
67 25
67 40
67 210
67 207
67 150
66 8
66 22
66 28
66 58
66 241
66 231
66 209
66 198
66 189
66 185
66 182
66 158
66 152
66 149
66 139
66 126
66 72
65 30
65 48
65 228
65 219
65 216
65 184
65 147
65 146
65 138
65 135
65 120
65 110
65 92
64 26
64 61
64 238
64 200
64 97
63 22
63 28
63 241
63 240
63 234
63 189
63 139
63 129
63 91
63 79
63 72
62 235
62 195
62 131
62 112
62 90
62 88
61 26
61 238
61 200
61 112
61 97
61 64
60 1
60 45
60 50
60 51
60 249
60 226
60 205
60 186
60 145
60 98
60 81
59 1
59 10
59 16
59 24
59 34
59 223
59 212
59 210
59 205
59 203
59 192
59 177
59 164
59 115
59 69
58 8
58 231
58 209
58 198
58 189
58 185
58 182
58 173
58 158
58 152
58 149
58 126
58 119
58 66
57 23
57 35
57 54
57 162
57 146
57 121
57 120
57 74
56 5
56 6
56 27
56 240
56 218
56 160
56 137
56 129
56 113
56 79
56 68
55 7
55 17
55 148
55 141
55 118
55 100
54 23
54 35
54 230
54 146
54 135
54 121
54 120
54 82
54 74
54 57
53 33
53 232
53 227
53 209
53 188
53 169
53 152
53 103
53 94
53 78
