1000
6000
900 1000
900 899
900 891
900 890
900 810
900 800
899 999
899 900
899 898
899 889
899 809
899 799
898 998
898 899
898 897
898 888
898 808
898 798
897 997
897 898
897 896
897 887
897 807
897 797
896 996
896 897
896 895
896 886
896 806
896 796
895 995
895 896
895 894
895 885
895 805
895 795
894 994
894 895
894 893
894 884
894 804
894 794
893 993
893 894
893 892
893 883
893 803
893 793
892 992
892 893
892 891
892 882
892 802
892 792
891 991
891 900
891 892
891 881
891 801
891 791
890 990
890 900
890 889
890 881
890 880
890 790
889 989
889 899
889 890
889 888
889 879
889 789
888 988
888 898
888 889
888 887
888 878
888 788
887 987
887 897
887 888
887 886
887 877
887 787
886 986
886 896
886 887
886 885
886 876
886 786
885 985
885 895
885 886
885 884
885 875
885 785
884 984
884 894
884 885
884 883
884 874
884 784
883 983
883 893
883 884
883 882
883 873
883 783
882 982
882 892
882 883
882 881
882 872
882 782
881 981
881 891
881 890
881 882
881 871
881 781
880 980
880 890
880 879
880 871
880 870
880 780
879 979
879 889
879 880
879 878
879 869
879 779
878 978
878 888
878 879
878 877
878 868
878 778
877 977
877 887
877 878
877 876
877 867
877 777
876 976
876 886
876 877
876 875
876 866
876 776
875 975
875 885
875 876
875 874
875 865
875 775
874 974
874 884
874 875
874 873
874 864
874 774
873 973
873 883
873 874
873 872
873 863
873 773
872 972
872 882
872 873
872 871
872 862
872 772
871 971
871 881
871 880
871 872
871 861
871 771
870 970
870 880
870 869
870 861
870 860
870 770
869 969
869 879
869 870
869 868
869 859
869 769
868 968
868 878
868 869
868 867
868 858
868 768
867 967
867 877
867 868
867 866
867 857
867 767
866 966
866 876
866 867
866 865
866 856
866 766
865 965
865 875
865 866
865 864
865 855
865 765
864 964
864 874
864 865
864 863
864 854
864 764
863 963
863 873
863 864
863 862
863 853
863 763
862 962
862 872
862 863
862 861
862 852
862 762
861 961
861 871
861 870
861 862
861 851
861 761
860 960
860 870
860 859
860 851
860 850
860 760
859 959
859 869
859 860
859 858
859 849
859 759
858 958
858 868
858 859
858 857
858 848
858 758
857 957
857 867
857 858
857 856
857 847
857 757
856 956
856 866
856 857
856 855
856 846
856 756
855 955
855 865
855 856
855 854
855 845
855 755
854 954
854 864
854 855
854 853
854 844
854 754
853 953
853 863
853 854
853 852
853 843
853 753
852 952
852 862
852 853
852 851
852 842
852 752
851 951
851 861
851 860
851 852
851 841
851 751
850 950
850 860
850 849
850 841
850 840
850 750
849 949
849 859
849 850
849 848
849 839
849 749
848 948
848 858
848 849
848 847
848 838
848 748
847 947
847 857
847 848
847 846
847 837
847 747
846 946
846 856
846 847
846 845
846 836
846 746
845 945
845 855
845 846
845 844
845 835
845 745
844 944
844 854
844 845
844 843
844 834
844 744
843 943
843 853
843 844
843 842
843 833
843 743
842 942
842 852
842 843
842 841
842 832
842 742
841 941
841 851
841 850
841 842
841 831
841 741
840 940
840 850
840 839
840 831
840 830
840 740
839 939
839 849
839 840
839 838
839 829
839 739
838 938
838 848
838 839
838 837
838 828
838 738
837 937
837 847
837 838
837 836
837 827
837 737
836 936
836 846
836 837
836 835
836 826
836 736
835 935
835 845
835 836
835 834
835 825
835 735
834 934
834 844
834 835
834 833
834 824
834 734
833 933
833 843
833 834
833 832
833 823
833 733
832 932
832 842
832 833
832 831
832 822
832 732
831 931
831 841
831 840
831 832
831 821
831 731
830 930
830 840
830 829
830 821
830 820
830 730
829 929
829 839
829 830
829 828
829 819
829 729
828 928
828 838
828 829
828 827
828 818
828 728
827 927
827 837
827 828
827 826
827 817
827 727
826 926
826 836
826 827
826 825
826 816
826 726
825 925
825 835
825 826
825 824
825 815
825 725
824 924
824 834
824 825
824 823
824 814
824 724
823 923
823 833
823 824
823 822
823 813
823 723
822 922
822 832
822 823
822 821
822 812
822 722
821 921
821 831
821 830
821 822
821 811
821 721
820 920
820 830
820 819
820 811
820 810
820 720
819 919
819 829
819 820
819 818
819 809
819 719
818 918
818 828
818 819
818 817
818 808
818 718
817 917
817 827
817 818
817 816
817 807
817 717
816 916
816 826
816 817
816 815
816 806
816 716
815 915
815 825
815 816
815 814
815 805
815 715
814 914
814 824
814 815
814 813
814 804
814 714
813 913
813 823
813 814
813 812
813 803
813 713
812 912
812 822
812 813
812 811
812 802
812 712
811 911
811 821
811 820
811 812
811 801
811 711
810 910
810 900
810 820
810 809
810 801
810 710
809 909
809 899
809 819
809 810
809 808
809 709
808 908
808 898
808 818
808 809
808 807
808 708
807 907
807 897
807 817
807 808
807 806
807 707
806 906
806 896
806 816
806 807
806 805
806 706
805 905
805 895
805 815
805 806
805 804
805 705
804 904
804 894
804 814
804 805
804 803
804 704
803 903
803 893
803 813
803 804
803 802
803 703
802 902
802 892
802 812
802 803
802 801
802 702
801 901
801 891
801 811
801 810
801 802
801 701
800 900
800 799
800 791
800 790
800 710
800 700
799 899
799 800
799 798
799 789
799 709
799 699
798 898
798 799
798 797
798 788
798 708
798 698
797 897
797 798
797 796
797 787
797 707
797 697
796 896
796 797
796 795
796 786
796 706
796 696
795 895
795 796
795 794
795 785
795 705
795 695
794 894
794 795
794 793
794 784
794 704
794 694
793 893
793 794
793 792
793 783
793 703
793 693
792 892
792 793
792 791
792 782
792 702
792 692
791 891
791 800
791 792
791 781
791 701
791 691
790 890
790 800
790 789
790 781
790 780
790 690
789 889
789 799
789 790
789 788
789 779
789 689
788 888
788 798
788 789
788 787
788 778
788 688
787 887
787 797
787 788
787 786
787 777
787 687
786 886
786 796
786 787
786 785
786 776
786 686
785 885
785 795
785 786
785 784
785 775
785 685
784 884
784 794
784 785
784 783
784 774
784 684
783 883
783 793
783 784
783 782
783 773
783 683
782 882
782 792
782 783
782 781
782 772
782 682
781 881
781 791
781 790
781 782
781 771
781 681
780 880
780 790
780 779
780 771
780 770
780 680
779 879
779 789
779 780
779 778
779 769
779 679
778 878
778 788
778 779
778 777
778 768
778 678
777 877
777 787
777 778
777 776
777 767
777 677
776 876
776 786
776 777
776 775
776 766
776 676
775 875
775 785
775 776
775 774
775 765
775 675
774 874
774 784
774 775
774 773
774 764
774 674
773 873
773 783
773 774
773 772
773 763
773 673
772 872
772 782
772 773
772 771
772 762
772 672
771 871
771 781
771 780
771 772
771 761
771 671
770 870
770 780
770 769
770 761
770 760
770 670
769 869
769 779
769 770
769 768
769 759
769 669
768 868
768 778
768 769
768 767
768 758
768 668
767 867
767 777
767 768
767 766
767 757
767 667
766 866
766 776
766 767
766 765
766 756
766 666
765 865
765 775
765 766
765 764
765 755
765 665
764 864
764 774
764 765
764 763
764 754
764 664
763 863
763 773
763 764
763 762
763 753
763 663
762 862
762 772
762 763
762 761
762 752
762 662
761 861
761 771
761 770
761 762
761 751
761 661
760 860
760 770
760 759
760 751
760 750
760 660
759 859
759 769
759 760
759 758
759 749
759 659
758 858
758 768
758 759
758 757
758 748
758 658
757 857
757 767
757 758
757 756
757 747
757 657
756 856
756 766
756 757
756 755
756 746
756 656
755 855
755 765
755 756
755 754
755 745
755 655
754 854
754 764
754 755
754 753
754 744
754 654
753 853
753 763
753 754
753 752
753 743
753 653
752 852
752 762
752 753
752 751
752 742
752 652
751 851
751 761
751 760
751 752
751 741
751 651
750 850
750 760
750 749
750 741
750 740
750 650
749 849
749 759
749 750
749 748
749 739
749 649
748 848
748 758
748 749
748 747
748 738
748 648
747 847
747 757
747 748
747 746
747 737
747 647
746 846
746 756
746 747
746 745
746 736
746 646
745 845
745 755
745 746
745 744
745 735
745 645
744 844
744 754
744 745
744 743
744 734
744 644
743 843
743 753
743 744
743 742
743 733
743 643
742 842
742 752
742 743
742 741
742 732
742 642
741 841
741 751
741 750
741 742
741 731
741 641
740 840
740 750
740 739
740 731
740 730
740 640
739 839
739 749
739 740
739 738
739 729
739 639
738 838
738 748
738 739
738 737
738 728
738 638
737 837
737 747
737 738
737 736
737 727
737 637
736 836
736 746
736 737
736 735
736 726
736 636
735 835
735 745
735 736
735 734
735 725
735 635
734 834
734 744
734 735
734 733
734 724
734 634
733 833
733 743
733 734
733 732
733 723
733 633
732 832
732 742
732 733
732 731
732 722
732 632
731 831
731 741
731 740
731 732
731 721
731 631
730 830
730 740
730 729
730 721
730 720
730 630
729 829
729 739
729 730
729 728
729 719
729 629
728 828
728 738
728 729
728 727
728 718
728 628
727 827
727 737
727 728
727 726
727 717
727 627
726 826
726 736
726 727
726 725
726 716
726 626
725 825
725 735
725 726
725 724
725 715
725 625
724 824
724 734
724 725
724 723
724 714
724 624
723 823
723 733
723 724
723 722
723 713
723 623
308 408
308 398
308 318
308 309
308 307
308 208
307 407
307 397
307 317
307 308
307 306
307 207
306 406
306 396
306 316
306 307
306 305
306 206
305 405
305 395
305 315
305 306
305 304
305 205
304 404
304 394
304 314
304 305
304 303
304 204
303 403
303 393
303 313
303 304
303 302
303 203
302 402
302 392
302 312
302 303
302 301
302 202
301 401
301 391
301 311
301 310
301 302
301 201
300 400
300 299
300 291
300 290
300 210
300 200
299 399
299 300
299 298
299 289
299 209
299 199
298 398
298 299
298 297
298 288
298 208
298 198
297 397
297 298
297 296
297 287
297 207
297 197
296 396
296 297
296 295
296 286
296 206
296 196
295 395
295 296
295 294
295 285
295 205
295 195
294 394
294 295
294 293
294 284
294 204
294 194
293 393
293 294
293 292
293 283
293 203
293 193
292 392
292 293
292 291
292 282
292 202
292 192
291 391
291 300
291 292
291 281
291 201
291 191
290 390
290 300
290 289
290 281
290 280
290 190
289 389
289 299
289 290
289 288
289 279
289 189
288 388
288 298
288 289
288 287
288 278
288 188
287 387
287 297
287 288
287 286
287 277
287 187
286 386
286 296
286 287
286 285
286 276
286 186
285 385
285 295
285 286
285 284
285 275
285 185
284 384
284 294
284 285
284 283
284 274
284 184
283 383
283 293
283 284
283 282
283 273
283 183
282 382
282 292
282 283
282 281
282 272
282 182
281 381
281 291
281 290
281 282
281 271
281 181
280 380
280 290
280 279
280 271
280 270
280 180
279 379
279 289
279 280
279 278
279 269
279 179
278 378
278 288
278 279
278 277
278 268
278 178
277 377
277 287
277 278
277 276
277 267
277 177
276 376
276 286
276 277
276 275
276 266
276 176
275 375
275 285
275 276
275 274
275 265
275 175
274 374
274 284
274 275
274 273
274 264
274 174
273 373
273 283
273 274
273 272
273 263
273 173
272 372
272 282
272 273
272 271
272 262
272 172
271 371
271 281
271 280
271 272
271 261
271 171
270 370
270 280
270 269
270 261
270 260
270 170
269 369
269 279
269 270
269 268
269 259
269 169
268 368
268 278
268 269
268 267
268 258
268 168
267 367
267 277
267 268
267 266
267 257
267 167
266 366
266 276
266 267
266 265
266 256
266 166
265 365
265 275
265 266
265 264
265 255
265 165
264 364
264 274
264 265
264 263
264 254
264 164
263 363
263 273
263 264
263 262
263 253
263 163
262 362
262 272
262 263
262 261
262 252
262 162
261 361
261 271
261 270
261 262
261 251
261 161
260 360
260 270
260 259
260 251
260 250
260 160
259 359
259 269
259 260
259 258
259 249
259 159
258 358
258 268
258 259
258 257
258 248
258 158
257 357
257 267
257 258
257 256
257 247
257 157
256 356
256 266
256 257
256 255
256 246
256 156
255 355
255 265
255 256
255 254
255 245
255 155
254 354
254 264
254 255
254 253
254 244
254 154
253 353
253 263
253 254
253 252
253 243
253 153
252 352
252 262
252 253
252 251
252 242
252 152
251 351
251 261
251 260
251 252
251 241
251 151
250 350
250 260
250 249
250 241
250 240
250 150
249 349
249 259
249 250
249 248
249 239
249 149
248 348
248 258
248 249
248 247
248 238
248 148
247 347
247 257
247 248
247 246
247 237
247 147
246 346
246 256
246 247
246 245
246 236
246 146
245 345
245 255
245 246
245 244
245 235
245 145
244 344
244 254
244 245
244 243
244 234
244 144
243 343
243 253
243 244
243 242
243 233
243 143
242 342
242 252
242 243
242 241
242 232
242 142
241 341
241 251
241 250
241 242
241 231
241 141
240 340
240 250
240 239
240 231
240 230
240 140
239 339
239 249
239 240
239 238
239 229
239 139
238 338
238 248
238 239
238 237
238 228
238 138
237 337
237 247
237 238
237 236
237 227
237 137
236 336
236 246
236 237
236 235
236 226
236 136
235 335
235 245
235 236
235 234
235 225
235 135
234 334
234 244
234 235
234 233
234 224
234 134
233 333
233 243
233 234
233 232
233 223
233 133
232 332
232 242
232 233
232 231
232 222
232 132
231 331
231 241
231 240
231 232
231 221
231 131
230 330
230 240
230 229
230 221
230 220
230 130
229 329
229 239
229 230
229 228
229 219
229 129
228 328
228 238
228 229
228 227
228 218
228 128
227 327
227 237
227 228
227 226
227 217
227 127
226 326
226 236
226 227
226 225
226 216
226 126
225 325
225 235
225 226
225 224
225 215
225 125
224 324
224 234
224 225
224 223
224 214
224 124
223 323
223 233
223 224
223 222
223 213
223 123
222 322
222 232
222 223
222 221
222 212
222 122
221 321
221 231
221 230
221 222
221 211
221 121
220 320
220 230
220 219
220 211
220 210
220 120
219 319
219 229
219 220
219 218
219 209
219 119
218 318
218 228
218 219
218 217
218 208
218 118
217 317
217 227
217 218
217 216
217 207
217 117
216 316
216 226
216 217
216 215
216 206
216 116
215 315
215 225
215 216
215 214
215 205
215 115
214 314
214 224
214 215
214 213
214 204
214 114
213 313
213 223
213 214
213 212
213 203
213 113
212 312
212 222
212 213
212 211
212 202
212 112
211 311
211 221
211 220
211 212
211 201
211 111
210 310
210 300
210 220
210 209
210 201
210 110
209 309
209 299
209 219
209 210
209 208
209 109
208 308
208 298
208 218
208 209
208 207
208 108
207 307
207 297
207 217
207 208
207 206
207 107
206 306
206 296
206 216
206 207
206 205
206 106
205 305
205 295
205 215
205 206
205 204
205 105
204 304
204 294
204 214
204 205
204 203
204 104
203 303
203 293
203 213
203 204
203 202
203 103
202 302
202 292
202 212
202 203
202 201
202 102
201 301
201 291
201 211
201 210
201 202
201 101
200 300
200 199
200 191
200 190
200 110
200 100
199 299
199 200
199 198
199 189
199 109
199 99
198 298
198 199
198 197
198 188
198 108
198 98
197 297
197 198
197 196
197 187
197 107
197 97
196 296
196 197
196 195
196 186
196 106
196 96
195 295
195 196
195 194
195 185
195 105
195 95
194 294
194 195
194 193
194 184
194 104
194 94
193 293
193 194
193 192
193 183
193 103
193 93
192 292
192 193
192 191
192 182
192 102
192 92
191 291
191 200
191 192
191 181
191 101
191 91
190 290
190 200
190 189
190 181
190 180
190 90
189 289
189 199
189 190
189 188
189 179
189 89
188 288
188 198
188 189
188 187
188 178
188 88
187 287
187 197
187 188
187 186
187 177
187 87
186 286
186 196
186 187
186 185
186 176
186 86
185 285
185 195
185 186
185 184
185 175
185 85
184 284
184 194
184 185
184 183
184 174
184 84
183 283
183 193
183 184
183 182
183 173
183 83
1000 999
1000 991
1000 990
1000 910
1000 900
1000 100
177 277
177 187
177 178
177 176
177 167
177 77
182 282
182 192
182 183
182 181
182 172
182 82
999 1000
999 998
999 989
999 909
999 899
999 99
176 276
176 186
176 177
176 175
176 166
176 76
181 281
181 191
181 190
181 182
181 171
181 81
998 999
998 997
998 988
998 908
998 898
998 98
175 275
175 185
175 176
175 174
175 165
175 75
180 280
180 190
180 179
180 171
180 170
180 80
997 998
997 996
997 987
997 907
997 897
997 97
174 274
174 184
174 175
174 173
174 164
174 74
179 279
179 189
179 180
179 178
179 169
179 79
996 997
996 995
996 986
996 906
996 896
996 96
173 273
173 183
173 174
173 172
173 163
173 73
178 278
178 188
178 179
178 177
178 168
178 78
995 996
995 994
995 985
995 905
995 895
995 95
172 272
172 182
172 173
172 171
172 162
172 72
994 995
994 993
994 984
994 904
994 894
994 94
171 271
171 181
171 180
171 172
171 161
171 71
993 994
993 992
993 983
993 903
993 893
993 93
170 270
170 180
170 169
170 161
170 160
170 70
992 993
992 991
992 982
992 902
992 892
992 92
169 269
169 179
169 170
169 168
169 159
169 69
991 1000
991 992
991 981
991 901
991 891
991 91
168 268
168 178
168 169
168 167
168 158
168 68
990 1000
990 989
990 981
990 980
990 890
990 90
167 267
167 177
167 168
167 166
167 157
167 67
82 982
82 182
82 92
82 83
82 81
82 72
905 995
905 915
905 906
905 904
905 805
905 5
989 999
989 990
989 988
989 979
989 889
989 89
166 266
166 176
166 167
166 165
166 156
166 66
81 981
81 181
81 91
81 90
81 82
81 71
904 994
904 914
904 905
904 903
904 804
904 4
988 998
988 989
988 987
988 978
988 888
988 88
165 265
165 175
165 166
165 164
165 155
165 65
80 980
80 180
80 90
80 79
80 71
80 70
903 993
903 913
903 904
903 902
903 803
903 3
987 997
987 988
987 986
987 977
987 887
987 87
164 264
164 174
164 165
164 163
164 154
164 64
79 979
79 179
79 89
79 80
79 78
79 69
902 992
902 912
902 903
902 901
902 802
902 2
986 996
986 987
986 985
986 976
986 886
986 86
163 263
163 173
163 164
163 162
163 153
163 63
78 978
78 178
78 88
78 79
78 77
78 68
901 991
901 911
901 910
901 902
901 801
901 1
985 995
985 986
985 984
985 975
985 885
985 85
162 262
162 172
162 163
162 161
162 152
162 62
77 977
77 177
77 87
77 78
77 76
77 67
984 994
984 985
984 983
984 974
984 884
984 84
161 261
161 171
161 170
161 162
161 151
161 61
76 976
76 176
76 86
76 77
76 75
76 66
983 993
983 984
983 982
983 973
983 883
983 83
160 260
160 170
160 159
160 151
160 150
160 60
75 975
75 175
75 85
75 76
75 74
75 65
982 992
982 983
982 981
982 972
982 882
982 82
159 259
159 169
159 160
159 158
159 149
159 59
74 974
74 174
74 84
74 75
74 73
74 64
981 991
981 990
981 982
981 971
981 881
981 81
158 258
158 168
158 159
158 157
158 148
158 58
73 973
73 173
73 83
73 74
73 72
73 63
980 990
980 979
980 971
980 970
980 880
980 80
157 257
157 167
157 158
157 156
157 147
157 57
72 972
72 172
72 82
72 73
72 71
72 62
979 989
979 980
979 978
979 969
979 879
979 79
156 256
156 166
156 157
156 155
156 146
156 56
71 971
71 171
71 81
71 80
71 72
71 61
978 988
978 979
978 977
978 968
978 878
978 78
155 255
155 165
155 156
155 154
155 145
155 55
27 927
27 127
27 37
27 28
27 26
27 17
26 926
26 126
26 36
26 27
26 25
26 16
25 925
25 125
25 35
25 26
25 24
25 15
24 924
24 124
24 34
24 25
24 23
24 14
23 923
23 123
23 33
23 24
23 22
23 13
22 922
22 122
22 32
22 23
22 21
22 12
21 921
21 121
21 31
21 30
21 22
21 11
20 920
20 120
20 30
20 19
20 11
20 10
31 931
31 131
31 41
31 40
31 32
31 21
86 986
86 186
86 96
86 87
86 85
86 76
909 999
909 919
909 910
909 908
909 809
909 9
89 989
89 189
89 99
89 90
89 88
89 79
912 922
912 913
912 911
912 902
912 812
912 12
907 997
907 917
907 908
907 906
907 807
907 7
84 984
84 184
84 94
84 85
84 83
84 74
14 914
14 114
14 24
14 15
14 13
14 4
34 934
34 134
34 44
34 35
34 33
34 24
11 911
11 111
11 21
11 20
11 12
11 1
30 930
30 130
30 40
30 29
30 21
30 20
85 985
85 185
85 95
85 86
85 84
85 75
908 998
908 918
908 909
908 907
908 808
908 8
925 935
925 926
925 924
925 915
925 825
925 25
102 202
102 192
102 112
102 103
102 101
102 2
107 207
107 197
107 117
107 108
107 106
107 7
930 940
930 929
930 921
930 920
930 830
930 30
88 988
88 188
88 98
88 89
88 87
88 78
911 921
911 920
911 912
911 901
911 811
911 11
906 996
906 916
906 907
906 905
906 806
906 6
83 983
83 183
83 93
83 84
83 82
83 73
13 913
13 113
13 23
13 14
13 12
13 3
33 933
33 133
33 43
33 34
33 32
33 23
10 910
10 110
10 100
10 20
10 9
10 1
29 929
29 129
29 39
29 30
29 28
29 19
924 934
924 925
924 923
924 914
924 824
924 24
101 201
101 191
101 111
101 110
101 102
101 1
106 206
106 196
106 116
106 107
106 105
106 6
929 939
929 930
929 928
929 919
929 829
929 29
93 993
93 193
93 94
93 92
93 83
93 3
916 926
916 917
916 915
916 906
916 816
916 16
913 923
913 914
913 912
913 903
913 813
913 13
90 990
90 190
90 100
90 89
90 81
90 80
95 995
95 195
95 96
95 94
95 85
95 5
918 928
918 919
918 917
918 908
918 818
918 18
32 932
32 132
32 42
32 33
32 31
32 22
87 987
87 187
87 97
87 88
87 86
87 77
910 1000
910 920
910 909
910 901
910 810
910 10
9 909
9 109
9 99
9 19
9 10
9 8
94 994
94 194
94 95
94 93
94 84
94 4
917 927
917 918
917 916
917 907
917 817
917 17
99 999
99 199
99 100
99 98
99 89
99 9
922 932
922 923
922 921
922 912
922 822
922 22
2 902
2 102
2 92
2 12
2 3
2 1
914 924
914 915
914 913
914 904
914 814
914 14
91 991
91 191
91 100
91 92
91 81
91 1
96 996
96 196
96 97
96 95
96 86
96 6
919 929
919 920
919 918
919 909
919 819
919 19
104 204
104 194
104 114
104 105
104 103
104 4
927 937
927 928
927 926
927 917
927 827
927 27
7 907
7 107
7 97
7 17
7 8
7 6
5 905
5 105
5 95
5 15
5 6
5 4
920 930
920 919
920 911
920 910
920 820
920 20
97 997
97 197
97 98
97 96
97 87
97 7
28 928
28 128
28 38
28 29
28 27
28 18
923 933
923 924
923 922
923 913
923 823
923 23
100 1000
100 200
100 99
100 91
100 90
100 10
105 205
105 195
105 115
105 106
105 104
105 5
928 938
928 929
928 927
928 918
928 828
928 28
8 908
8 108
8 98
8 18
8 9
8 7
4 904
4 104
4 94
4 14
4 5
4 3
1 901
1 101
1 91
1 11
1 10
1 2
98 998
98 198
98 99
98 97
98 88
98 8
921 931
921 930
921 922
921 911
921 821
921 21
3 903
3 103
3 93
3 13
3 4
3 2
915 925
915 916
915 914
915 905
915 815
915 15
92 992
92 192
92 93
92 91
92 82
92 2
103 203
103 193
103 113
103 104
103 102
103 3
926 936
926 927
926 925
926 916
926 826
926 26
6 906
6 106
6 96
6 16
6 7
6 5
15 915
15 115
15 25
15 16
15 14
15 5
35 935
35 135
35 45
35 36
35 34
35 25
12 912
12 112
12 22
12 13
12 11
12 2
16 916
16 116
16 26
16 17
16 15
16 6
36 936
36 136
36 46
36 37
36 35
36 26
17 917
17 117
17 27
17 18
17 16
17 7
18 918
18 118
18 28
18 19
18 17
18 8
19 919
19 119
19 29
19 20
19 18
19 9
108 208
108 198
108 118
108 109
108 107
108 8
931 941
931 940
931 932
931 921
931 831
931 31
37 937
37 137
37 47
37 38
37 36
37 27
109 209
109 199
109 119
109 110
109 108
109 9
932 942
932 933
932 931
932 922
932 832
932 32
38 938
38 138
38 48
38 39
38 37
38 28
110 210
110 200
110 120
110 109
110 101
110 10
933 943
933 934
933 932
933 923
933 833
933 33
39 939
39 139
39 49
39 40
39 38
39 29
111 211
111 121
111 120
111 112
111 101
111 11
934 944
934 935
934 933
934 924
934 834
934 34
40 940
40 140
40 50
40 39
40 31
40 30
112 212
112 122
112 113
112 111
112 102
112 12
935 945
935 936
935 934
935 925
935 835
935 35
41 941
41 141
41 51
41 50
41 42
41 31
113 213
113 123
113 114
113 112
113 103
113 13
936 946
936 937
936 935
936 926
936 836
936 36
42 942
42 142
42 52
42 43
42 41
42 32
114 214
114 124
114 115
114 113
114 104
114 14
937 947
937 938
937 936
937 927
937 837
937 37
43 943
43 143
43 53
43 44
43 42
43 33
115 215
115 125
115 116
115 114
115 105
115 15
938 948
938 939
938 937
938 928
938 838
938 38
44 944
44 144
44 54
44 45
44 43
44 34
116 216
116 126
116 117
116 115
116 106
116 16
939 949
939 940
939 938
939 929
939 839
939 39
45 945
45 145
45 55
45 46
45 44
45 35
117 217
117 127
117 118
117 116
117 107
117 17
940 950
940 939
940 931
940 930
940 840
940 40
46 946
46 146
46 56
46 47
46 45
46 36
118 218
118 128
118 119
118 117
118 108
118 18
941 951
941 950
941 942
941 931
941 841
941 41
47 947
47 147
47 57
47 48
47 46
47 37
119 219
119 129
119 120
119 118
119 109
119 19
942 952
942 943
942 941
942 932
942 842
942 42
48 948
48 148
48 58
48 49
48 47
48 38
120 220
120 130
120 119
120 111
120 110
120 20
943 953
943 944
943 942
943 933
943 843
943 43
960 970
960 959
960 951
960 950
960 860
960 60
137 237
137 147
137 138
137 136
137 127
137 37
142 242
142 152
142 143
142 141
142 132
142 42
965 975
965 966
965 964
965 955
965 865
965 65
49 949
49 149
49 59
49 50
49 48
49 39
121 221
121 131
121 130
121 122
121 111
121 21
944 954
944 945
944 943
944 934
944 844
944 44
961 971
961 970
961 962
961 951
961 861
961 61
138 238
138 148
138 139
138 137
138 128
138 38
143 243
143 153
143 144
143 142
143 133
143 43
966 976
966 967
966 965
966 956
966 866
966 66
50 950
50 150
50 60
50 49
50 41
50 40
122 222
122 132
122 123
122 121
122 112
122 22
945 955
945 946
945 944
945 935
945 845
945 45
962 972
962 963
962 961
962 952
962 862
962 62
139 239
139 149
139 140
139 138
139 129
139 39
144 244
144 154
144 145
144 143
144 134
144 44
967 977
967 968
967 966
967 957
967 867
967 67
51 951
51 151
51 61
51 60
51 52
51 41
123 223
123 133
123 124
123 122
123 113
123 23
946 956
946 947
946 945
946 936
946 846
946 46
963 973
963 964
963 962
963 953
963 863
963 63
140 240
140 150
140 139
140 131
140 130
140 40
145 245
145 155
145 146
145 144
145 135
145 45
968 978
968 969
968 967
968 958
968 868
968 68
52 952
52 152
52 62
52 53
52 51
52 42
124 224
124 134
124 125
124 123
124 114
124 24
947 957
947 948
947 946
947 937
947 847
947 47
964 974
964 965
964 963
964 954
964 864
964 64
141 241
141 151
141 150
141 142
141 131
141 41
146 246
146 156
146 147
146 145
146 136
146 46
969 979
969 970
969 968
969 959
969 869
969 69
53 953
53 153
53 63
53 54
53 52
53 43
125 225
125 135
125 126
125 124
125 115
125 25
948 958
948 949
948 947
948 938
948 848
948 48
147 247
147 157
147 148
147 146
147 137
147 47
970 980
970 969
970 961
970 960
970 870
970 70
54 954
54 154
54 64
54 55
54 53
54 44
126 226
126 136
126 127
126 125
126 116
126 26
949 959
949 950
949 948
949 939
949 849
949 49
148 248
148 158
148 149
148 147
148 138
148 48
971 981
971 980
971 972
971 961
971 871
971 71
55 955
55 155
55 65
55 56
55 54
55 45
127 227
127 137
127 128
127 126
127 117
127 27
950 960
950 949
950 941
950 940
950 850
950 50
149 249
149 159
149 150
149 148
149 139
149 49
972 982
972 973
972 971
972 962
972 872
972 72
56 956
56 156
56 66
56 57
56 55
56 46
128 228
128 138
128 129
128 127
128 118
128 28
951 961
951 960
951 952
951 941
951 851
951 51
150 250
150 160
150 149
150 141
150 140
150 50
973 983
973 974
973 972
973 963
973 873
973 73
57 957
57 157
57 67
57 58
57 56
57 47
129 229
129 139
129 130
129 128
129 119
129 29
952 962
952 953
952 951
952 942
952 852
952 52
151 251
151 161
151 160
151 152
151 141
151 51
974 984
974 975
974 973
974 964
974 874
974 74
58 958
58 158
58 68
58 59
58 57
58 48
130 230
130 140
130 129
130 121
130 120
130 30
953 963
953 954
953 952
953 943
953 853
953 53
152 252
152 162
152 153
152 151
152 142
152 52
975 985
975 976
975 974
975 965
975 875
975 75
59 959
59 159
59 69
59 60
59 58
59 49
131 231
131 141
131 140
131 132
131 121
131 31
954 964
954 955
954 953
954 944
954 854
954 54
153 253
153 163
153 154
153 152
153 143
153 53
976 986
976 977
976 975
976 966
976 876
976 76
60 960
60 160
60 70
60 59
60 51
60 50
132 232
132 142
132 133
132 131
132 122
132 32
955 965
955 956
955 954
955 945
955 855
955 55
154 254
154 164
154 155
154 153
154 144
154 54
977 987
977 978
977 976
977 967
977 877
977 77
61 961
61 161
61 71
61 70
61 62
61 51
133 233
133 143
133 134
133 132
133 123
133 33
956 966
956 957
956 955
956 946
956 856
956 56
62 962
62 162
62 72
62 63
62 61
62 52
134 234
134 144
134 135
134 133
134 124
134 34
957 967
957 958
957 956
957 947
957 857
957 57
63 963
63 163
63 73
63 64
63 62
63 53
135 235
135 145
135 136
135 134
135 125
135 35
958 968
958 959
958 957
958 948
958 858
958 58
64 964
64 164
64 74
64 65
64 63
64 54
136 236
136 146
136 137
136 135
136 126
136 36
959 969
959 960
959 958
959 949
959 859
959 59
65 965
65 165
65 75
65 66
65 64
65 55
66 966
66 166
66 76
66 67
66 65
66 56
67 967
67 167
67 77
67 68
67 66
67 57
68 968
68 168
68 78
68 69
68 67
68 58
69 969
69 169
69 79
69 70
69 68
69 59
70 970
70 170
70 80
70 69
70 61
70 60
309 409
309 399
309 319
309 310
309 308
309 209
310 410
310 400
310 320
310 309
310 301
310 210
311 411
311 321
311 320
311 312
311 301
311 211
312 412
312 322
312 313
312 311
312 302
312 212
313 413
313 323
313 314
313 312
313 303
313 213
314 414
314 324
314 315
314 313
314 304
314 214
315 415
315 325
315 316
315 314
315 305
315 215
316 416
316 326
316 317
316 315
316 306
316 216
317 417
317 327
317 318
317 316
317 307
317 217
318 418
318 328
318 319
318 317
318 308
318 218
319 419
319 329
319 320
319 318
319 309
319 219
320 420
320 330
320 319
320 311
320 310
320 220
321 421
321 331
321 330
321 322
321 311
321 221
322 422
322 332
322 323
322 321
322 312
322 222
323 423
323 333
323 324
323 322
323 313
323 223
324 424
324 334
324 325
324 323
324 314
324 224
325 425
325 335
325 326
325 324
325 315
325 225
326 426
326 336
326 327
326 325
326 316
326 226
327 427
327 337
327 328
327 326
327 317
327 227
328 428
328 338
328 329
328 327
328 318
328 228
329 429
329 339
329 330
329 328
329 319
329 229
330 430
330 340
330 329
330 321
330 320
330 230
331 431
331 341
331 340
331 332
331 321
331 231
332 432
332 342
332 333
332 331
332 322
332 232
333 433
333 343
333 334
333 332
333 323
333 233
334 434
334 344
334 335
334 333
334 324
334 234
335 435
335 345
335 336
335 334
335 325
335 235
336 436
336 346
336 337
336 335
336 326
336 236
337 437
337 347
337 338
337 336
337 327
337 237
338 438
338 348
338 339
338 337
338 328
338 238
339 439
339 349
339 340
339 338
339 329
339 239
340 440
340 350
340 339
340 331
340 330
340 240
341 441
341 351
341 350
341 342
341 331
341 241
342 442
342 352
342 343
342 341
342 332
342 242
343 443
343 353
343 344
343 342
343 333
343 243
344 444
344 354
344 345
344 343
344 334
344 244
345 445
345 355
345 346
345 344
345 335
345 245
346 446
346 356
346 347
346 345
346 336
346 246
347 447
347 357
347 348
347 346
347 337
347 247
348 448
348 358
348 349
348 347
348 338
348 248
349 449
349 359
349 350
349 348
349 339
349 249
350 450
350 360
350 349
350 341
350 340
350 250
351 451
351 361
351 360
351 352
351 341
351 251
352 452
352 362
352 353
352 351
352 342
352 252
353 453
353 363
353 354
353 352
353 343
353 253
354 454
354 364
354 355
354 353
354 344
354 254
355 455
355 365
355 356
355 354
355 345
355 255
356 456
356 366
356 357
356 355
356 346
356 256
357 457
357 367
357 358
357 356
357 347
357 257
358 458
358 368
358 359
358 357
358 348
358 258
359 459
359 369
359 360
359 358
359 349
359 259
360 460
360 370
360 359
360 351
360 350
360 260
361 461
361 371
361 370
361 362
361 351
361 261
362 462
362 372
362 363
362 361
362 352
362 262
363 463
363 373
363 364
363 362
363 353
363 263
364 464
364 374
364 365
364 363
364 354
364 264
365 465
365 375
365 366
365 364
365 355
365 265
366 466
366 376
366 367
366 365
366 356
366 266
367 467
367 377
367 368
367 366
367 357
367 267
368 468
368 378
368 369
368 367
368 358
368 268
369 469
369 379
369 370
369 368
369 359
369 269
370 470
370 380
370 369
370 361
370 360
370 270
371 471
371 381
371 380
371 372
371 361
371 271
372 472
372 382
372 373
372 371
372 362
372 272
373 473
373 383
373 374
373 372
373 363
373 273
374 474
374 384
374 375
374 373
374 364
374 274
375 475
375 385
375 376
375 374
375 365
375 275
376 476
376 386
376 377
376 375
376 366
376 276
377 477
377 387
377 378
377 376
377 367
377 277
378 478
378 388
378 379
378 377
378 368
378 278
379 479
379 389
379 380
379 378
379 369
379 279
380 480
380 390
380 379
380 371
380 370
380 280
381 481
381 391
381 390
381 382
381 371
381 281
382 482
382 392
382 383
382 381
382 372
382 282
383 483
383 393
383 384
383 382
383 373
383 283
384 484
384 394
384 385
384 383
384 374
384 284
385 485
385 395
385 386
385 384
385 375
385 285
386 486
386 396
386 387
386 385
386 376
386 286
387 487
387 397
387 388
387 386
387 377
387 287
388 488
388 398
388 389
388 387
388 378
388 288
389 489
389 399
389 390
389 388
389 379
389 289
390 490
390 400
390 389
390 381
390 380
390 290
391 491
391 400
391 392
391 381
391 301
391 291
392 492
392 393
392 391
392 382
392 302
392 292
393 493
393 394
393 392
393 383
393 303
393 293
394 494
394 395
394 393
394 384
394 304
394 294
395 495
395 396
395 394
395 385
395 305
395 295
396 496
396 397
396 395
396 386
396 306
396 296
397 497
397 398
397 396
397 387
397 307
397 297
398 498
398 399
398 397
398 388
398 308
398 298
399 499
399 400
399 398
399 389
399 309
399 299
400 500
400 399
400 391
400 390
400 310
400 300
401 501
401 491
401 411
401 410
401 402
401 301
402 502
402 492
402 412
402 403
402 401
402 302
403 503
403 493
403 413
403 404
403 402
403 303
404 504
404 494
404 414
404 405
404 403
404 304
405 505
405 495
405 415
405 406
405 404
405 305
406 506
406 496
406 416
406 407
406 405
406 306
407 507
407 497
407 417
407 408
407 406
407 307
408 508
408 498
408 418
408 409
408 407
408 308
409 509
409 499
409 419
409 410
409 408
409 309
410 510
410 500
410 420
410 409
410 401
410 310
411 511
411 421
411 420
411 412
411 401
411 311
412 512
412 422
412 413
412 411
412 402
412 312
413 513
413 423
413 414
413 412
413 403
413 313
414 514
414 424
414 415
414 413
414 404
414 314
415 515
415 425
415 416
415 414
415 405
415 315
416 516
416 426
416 417
416 415
416 406
416 316
417 517
417 427
417 418
417 416
417 407
417 317
418 518
418 428
418 419
418 417
418 408
418 318
419 519
419 429
419 420
419 418
419 409
419 319
420 520
420 430
420 419
420 411
420 410
420 320
421 521
421 431
421 430
421 422
421 411
421 321
422 522
422 432
422 423
422 421
422 412
422 322
423 523
423 433
423 424
423 422
423 413
423 323
424 524
424 434
424 425
424 423
424 414
424 324
425 525
425 435
425 426
425 424
425 415
425 325
426 526
426 436
426 427
426 425
426 416
426 326
427 527
427 437
427 428
427 426
427 417
427 327
428 528
428 438
428 429
428 427
428 418
428 328
429 529
429 439
429 430
429 428
429 419
429 329
430 530
430 440
430 429
430 421
430 420
430 330
431 531
431 441
431 440
431 432
431 421
431 331
432 532
432 442
432 433
432 431
432 422
432 332
433 533
433 443
433 434
433 432
433 423
433 333
434 534
434 444
434 435
434 433
434 424
434 334
435 535
435 445
435 436
435 434
435 425
435 335
436 536
436 446
436 437
436 435
436 426
436 336
437 537
437 447
437 438
437 436
437 427
437 337
438 538
438 448
438 439
438 437
438 428
438 338
439 539
439 449
439 440
439 438
439 429
439 339
440 540
440 450
440 439
440 431
440 430
440 340
441 541
441 451
441 450
441 442
441 431
441 341
442 542
442 452
442 443
442 441
442 432
442 342
443 543
443 453
443 444
443 442
443 433
443 343
444 544
444 454
444 445
444 443
444 434
444 344
445 545
445 455
445 446
445 444
445 435
445 345
446 546
446 456
446 447
446 445
446 436
446 346
447 547
447 457
447 448
447 446
447 437
447 347
448 548
448 458
448 449
448 447
448 438
448 348
449 549
449 459
449 450
449 448
449 439
449 349
450 550
450 460
450 449
450 441
450 440
450 350
451 551
451 461
451 460
451 452
451 441
451 351
452 552
452 462
452 453
452 451
452 442
452 352
453 553
453 463
453 454
453 452
453 443
453 353
454 554
454 464
454 455
454 453
454 444
454 354
455 555
455 465
455 456
455 454
455 445
455 355
456 556
456 466
456 457
456 455
456 446
456 356
457 557
457 467
457 458
457 456
457 447
457 357
458 558
458 468
458 459
458 457
458 448
458 358
459 559
459 469
459 460
459 458
459 449
459 359
460 560
460 470
460 459
460 451
460 450
460 360
461 561
461 471
461 470
461 462
461 451
461 361
462 562
462 472
462 463
462 461
462 452
462 362
463 563
463 473
463 464
463 462
463 453
463 363
464 564
464 474
464 465
464 463
464 454
464 364
465 565
465 475
465 466
465 464
465 455
465 365
466 566
466 476
466 467
466 465
466 456
466 366
467 567
467 477
467 468
467 466
467 457
467 367
468 568
468 478
468 469
468 467
468 458
468 368
469 569
469 479
469 470
469 468
469 459
469 369
470 570
470 480
470 469
470 461
470 460
470 370
471 571
471 481
471 480
471 472
471 461
471 371
472 572
472 482
472 473
472 471
472 462
472 372
473 573
473 483
473 474
473 472
473 463
473 373
474 574
474 484
474 475
474 473
474 464
474 374
475 575
475 485
475 476
475 474
475 465
475 375
476 576
476 486
476 477
476 475
476 466
476 376
477 577
477 487
477 478
477 476
477 467
477 377
478 578
478 488
478 479
478 477
478 468
478 378
479 579
479 489
479 480
479 478
479 469
479 379
480 580
480 490
480 479
480 471
480 470
480 380
481 581
481 491
481 490
481 482
481 471
481 381
482 582
482 492
482 483
482 481
482 472
482 382
483 583
483 493
483 484
483 482
483 473
483 383
484 584
484 494
484 485
484 483
484 474
484 384
485 585
485 495
485 486
485 484
485 475
485 385
486 586
486 496
486 487
486 485
486 476
486 386
487 587
487 497
487 488
487 486
487 477
487 387
488 588
488 498
488 489
488 487
488 478
488 388
489 589
489 499
489 490
489 488
489 479
489 389
490 590
490 500
490 489
490 481
490 480
490 390
491 591
491 500
491 492
491 481
491 401
491 391
492 592
492 493
492 491
492 482
492 402
492 392
493 593
493 494
493 492
493 483
493 403
493 393
494 594
494 495
494 493
494 484
494 404
494 394
495 595
495 496
495 494
495 485
495 405
495 395
496 596
496 497
496 495
496 486
496 406
496 396
497 597
497 498
497 496
497 487
497 407
497 397
498 598
498 499
498 497
498 488
498 408
498 398
499 599
499 500
499 498
499 489
499 409
499 399
500 600
500 499
500 491
500 490
500 410
500 400
501 601
501 591
501 511
501 510
501 502
501 401
502 602
502 592
502 512
502 503
502 501
502 402
503 603
503 593
503 513
503 504
503 502
503 403
504 604
504 594
504 514
504 505
504 503
504 404
505 605
505 595
505 515
505 506
505 504
505 405
506 606
506 596
506 516
506 507
506 505
506 406
507 607
507 597
507 517
507 508
507 506
507 407
508 608
508 598
508 518
508 509
508 507
508 408
509 609
509 599
509 519
509 510
509 508
509 409
510 610
510 600
510 520
510 509
510 501
510 410
511 611
511 521
511 520
511 512
511 501
511 411
512 612
512 522
512 513
512 511
512 502
512 412
513 613
513 523
513 514
513 512
513 503
513 413
514 614
514 524
514 515
514 513
514 504
514 414
515 615
515 525
515 516
515 514
515 505
515 415
516 616
516 526
516 517
516 515
516 506
516 416
517 617
517 527
517 518
517 516
517 507
517 417
518 618
518 528
518 519
518 517
518 508
518 418
519 619
519 529
519 520
519 518
519 509
519 419
520 620
520 530
520 519
520 511
520 510
520 420
521 621
521 531
521 530
521 522
521 511
521 421
522 622
522 532
522 523
522 521
522 512
522 422
523 623
523 533
523 524
523 522
523 513
523 423
524 624
524 534
524 525
524 523
524 514
524 424
525 625
525 535
525 526
525 524
525 515
525 425
526 626
526 536
526 527
526 525
526 516
526 426
527 627
527 537
527 528
527 526
527 517
527 427
528 628
528 538
528 529
528 527
528 518
528 428
529 629
529 539
529 530
529 528
529 519
529 429
530 630
530 540
530 529
530 521
530 520
530 430
531 631
531 541
531 540
531 532
531 521
531 431
532 632
532 542
532 533
532 531
532 522
532 432
533 633
533 543
533 534
533 532
533 523
533 433
534 634
534 544
534 535
534 533
534 524
534 434
535 635
535 545
535 536
535 534
535 525
535 435
536 636
536 546
536 537
536 535
536 526
536 436
537 637
537 547
537 538
537 536
537 527
537 437
538 638
538 548
538 539
538 537
538 528
538 438
539 639
539 549
539 540
539 538
539 529
539 439
540 640
540 550
540 539
540 531
540 530
540 440
541 641
541 551
541 550
541 542
541 531
541 441
542 642
542 552
542 543
542 541
542 532
542 442
543 643
543 553
543 544
543 542
543 533
543 443
544 644
544 554
544 545
544 543
544 534
544 444
545 645
545 555
545 546
545 544
545 535
545 445
546 646
546 556
546 547
546 545
546 536
546 446
547 647
547 557
547 548
547 546
547 537
547 447
548 648
548 558
548 549
548 547
548 538
548 448
549 649
549 559
549 550
549 548
549 539
549 449
550 650
550 560
550 549
550 541
550 540
550 450
551 651
551 561
551 560
551 552
551 541
551 451
552 652
552 562
552 553
552 551
552 542
552 452
553 653
553 563
553 554
553 552
553 543
553 453
554 654
554 564
554 555
554 553
554 544
554 454
555 655
555 565
555 556
555 554
555 545
555 455
556 656
556 566
556 557
556 555
556 546
556 456
557 657
557 567
557 558
557 556
557 547
557 457
558 658
558 568
558 559
558 557
558 548
558 458
559 659
559 569
559 560
559 558
559 549
559 459
560 660
560 570
560 559
560 551
560 550
560 460
561 661
561 571
561 570
561 562
561 551
561 461
562 662
562 572
562 563
562 561
562 552
562 462
563 663
563 573
563 564
563 562
563 553
563 463
564 664
564 574
564 565
564 563
564 554
564 464
565 665
565 575
565 566
565 564
565 555
565 465
566 666
566 576
566 567
566 565
566 556
566 466
567 667
567 577
567 568
567 566
567 557
567 467
568 668
568 578
568 569
568 567
568 558
568 468
569 669
569 579
569 570
569 568
569 559
569 469
570 670
570 580
570 569
570 561
570 560
570 470
571 671
571 581
571 580
571 572
571 561
571 471
572 672
572 582
572 573
572 571
572 562
572 472
573 673
573 583
573 574
573 572
573 563
573 473
574 674
574 584
574 575
574 573
574 564
574 474
575 675
575 585
575 576
575 574
575 565
575 475
576 676
576 586
576 577
576 575
576 566
576 476
577 677
577 587
577 578
577 576
577 567
577 477
578 678
578 588
578 579
578 577
578 568
578 478
579 679
579 589
579 580
579 578
579 569
579 479
580 680
580 590
580 579
580 571
580 570
580 480
581 681
581 591
581 590
581 582
581 571
581 481
582 682
582 592
582 583
582 581
582 572
582 482
583 683
583 593
583 584
583 582
583 573
583 483
584 684
584 594
584 585
584 583
584 574
584 484
585 685
585 595
585 586
585 584
585 575
585 485
586 686
586 596
586 587
586 585
586 576
586 486
587 687
587 597
587 588
587 586
587 577
587 487
588 688
588 598
588 589
588 587
588 578
588 488
589 689
589 599
589 590
589 588
589 579
589 489
590 690
590 600
590 589
590 581
590 580
590 490
591 691
591 600
591 592
591 581
591 501
591 491
592 692
592 593
592 591
592 582
592 502
592 492
593 693
593 594
593 592
593 583
593 503
593 493
594 694
594 595
594 593
594 584
594 504
594 494
595 695
595 596
595 594
595 585
595 505
595 495
596 696
596 597
596 595
596 586
596 506
596 496
597 697
597 598
597 596
597 587
597 507
597 497
598 698
598 599
598 597
598 588
598 508
598 498
599 699
599 600
599 598
599 589
599 509
599 499
600 700
600 599
600 591
600 590
600 510
600 500
601 701
601 691
601 611
601 610
601 602
601 501
602 702
602 692
602 612
602 603
602 601
602 502
603 703
603 693
603 613
603 604
603 602
603 503
604 704
604 694
604 614
604 605
604 603
604 504
605 705
605 695
605 615
605 606
605 604
605 505
606 706
606 696
606 616
606 607
606 605
606 506
607 707
607 697
607 617
607 608
607 606
607 507
608 708
608 698
608 618
608 609
608 607
608 508
609 709
609 699
609 619
609 610
609 608
609 509
610 710
610 700
610 620
610 609
610 601
610 510
611 711
611 621
611 620
611 612
611 601
611 511
612 712
612 622
612 613
612 611
612 602
612 512
613 713
613 623
613 614
613 612
613 603
613 513
614 714
614 624
614 615
614 613
614 604
614 514
615 715
615 625
615 616
615 614
615 605
615 515
616 716
616 626
616 617
616 615
616 606
616 516
617 717
617 627
617 618
617 616
617 607
617 517
618 718
618 628
618 619
618 617
618 608
618 518
619 719
619 629
619 620
619 618
619 609
619 519
620 720
620 630
620 619
620 611
620 610
620 520
621 721
621 631
621 630
621 622
621 611
621 521
622 722
622 632
622 623
622 621
622 612
622 522
623 723
623 633
623 624
623 622
623 613
623 523
624 724
624 634
624 625
624 623
624 614
624 524
625 725
625 635
625 626
625 624
625 615
625 525
626 726
626 636
626 627
626 625
626 616
626 526
627 727
627 637
627 628
627 626
627 617
627 527
628 728
628 638
628 629
628 627
628 618
628 528
629 729
629 639
629 630
629 628
629 619
629 529
630 730
630 640
630 629
630 621
630 620
630 530
631 731
631 641
631 640
631 632
631 621
631 531
632 732
632 642
632 633
632 631
632 622
632 532
633 733
633 643
633 634
633 632
633 623
633 533
634 734
634 644
634 635
634 633
634 624
634 534
635 735
635 645
635 636
635 634
635 625
635 535
636 736
636 646
636 637
636 635
636 626
636 536
637 737
637 647
637 638
637 636
637 627
637 537
638 738
638 648
638 639
638 637
638 628
638 538
639 739
639 649
639 640
639 638
639 629
639 539
640 740
640 650
640 639
640 631
640 630
640 540
641 741
641 651
641 650
641 642
641 631
641 541
642 742
642 652
642 643
642 641
642 632
642 542
643 743
643 653
643 644
643 642
643 633
643 543
644 744
644 654
644 645
644 643
644 634
644 544
645 745
645 655
645 646
645 644
645 635
645 545
646 746
646 656
646 647
646 645
646 636
646 546
647 747
647 657
647 648
647 646
647 637
647 547
648 748
648 658
648 649
648 647
648 638
648 548
649 749
649 659
649 650
649 648
649 639
649 549
650 750
650 660
650 649
650 641
650 640
650 550
651 751
651 661
651 660
651 652
651 641
651 551
652 752
652 662
652 653
652 651
652 642
652 552
653 753
653 663
653 654
653 652
653 643
653 553
654 754
654 664
654 655
654 653
654 644
654 554
655 755
655 665
655 656
655 654
655 645
655 555
656 756
656 666
656 657
656 655
656 646
656 556
657 757
657 667
657 658
657 656
657 647
657 557
658 758
658 668
658 659
658 657
658 648
658 558
659 759
659 669
659 660
659 658
659 649
659 559
660 760
660 670
660 659
660 651
660 650
660 560
661 761
661 671
661 670
661 662
661 651
661 561
662 762
662 672
662 663
662 661
662 652
662 562
663 763
663 673
663 664
663 662
663 653
663 563
664 764
664 674
664 665
664 663
664 654
664 564
665 765
665 675
665 666
665 664
665 655
665 565
666 766
666 676
666 667
666 665
666 656
666 566
667 767
667 677
667 668
667 666
667 657
667 567
668 768
668 678
668 669
668 667
668 658
668 568
669 769
669 679
669 670
669 668
669 659
669 569
670 770
670 680
670 669
670 661
670 660
670 570
671 771
671 681
671 680
671 672
671 661
671 571
672 772
672 682
672 673
672 671
672 662
672 572
673 773
673 683
673 674
673 672
673 663
673 573
674 774
674 684
674 675
674 673
674 664
674 574
675 775
675 685
675 676
675 674
675 665
675 575
676 776
676 686
676 677
676 675
676 666
676 576
677 777
677 687
677 678
677 676
677 667
677 577
678 778
678 688
678 679
678 677
678 668
678 578
679 779
679 689
679 680
679 678
679 669
679 579
680 780
680 690
680 679
680 671
680 670
680 580
681 781
681 691
681 690
681 682
681 671
681 581
682 782
682 692
682 683
682 681
682 672
682 582
683 783
683 693
683 684
683 682
683 673
683 583
684 784
684 694
684 685
684 683
684 674
684 584
685 785
685 695
685 686
685 684
685 675
685 585
686 786
686 696
686 687
686 685
686 676
686 586
687 787
687 697
687 688
687 686
687 677
687 587
688 788
688 698
688 689
688 687
688 678
688 588
689 789
689 699
689 690
689 688
689 679
689 589
690 790
690 700
690 689
690 681
690 680
690 590
691 791
691 700
691 692
691 681
691 601
691 591
692 792
692 693
692 691
692 682
692 602
692 592
693 793
693 694
693 692
693 683
693 603
693 593
694 794
694 695
694 693
694 684
694 604
694 594
695 795
695 696
695 694
695 685
695 605
695 595
696 796
696 697
696 695
696 686
696 606
696 596
697 797
697 698
697 696
697 687
697 607
697 597
698 798
698 699
698 697
698 688
698 608
698 598
699 799
699 700
699 698
699 689
699 609
699 599
700 800
700 699
700 691
700 690
700 610
700 600
701 801
701 791
701 711
701 710
701 702
701 601
702 802
702 792
702 712
702 703
702 701
702 602
703 803
703 793
703 713
703 704
703 702
703 603
704 804
704 794
704 714
704 705
704 703
704 604
705 805
705 795
705 715
705 706
705 704
705 605
706 806
706 796
706 716
706 707
706 705
706 606
707 807
707 797
707 717
707 708
707 706
707 607
708 808
708 798
708 718
708 709
708 707
708 608
709 809
709 799
709 719
709 710
709 708
709 609
710 810
710 800
710 720
710 709
710 701
710 610
711 811
711 721
711 720
711 712
711 701
711 611
712 812
712 722
712 713
712 711
712 702
712 612
713 813
713 723
713 714
713 712
713 703
713 613
714 814
714 724
714 715
714 713
714 704
714 614
715 815
715 725
715 716
715 714
715 705
715 615
716 816
716 726
716 717
716 715
716 706
716 616
717 817
717 727
717 718
717 716
717 707
717 617
718 818
718 728
718 719
718 717
718 708
718 618
719 819
719 729
719 720
719 718
719 709
719 619
720 820
720 730
720 719
720 711
720 710
720 620
721 821
721 731
721 730
721 722
721 711
721 621
722 822
722 732
722 723
722 721
722 712
722 622
