982
945
940
970
992
984
971
952
1014
976
1018
1012
998
958
1010
972
1000
990
1000
980
976
998
980
988
1008
1000
992
998
981
984
982
946
982
1012
986
986
1014
994
1010
988
964
986
990
989
974
987
1002
1000
984
974
998
1002
972
992
974
980
958
992
1032
996
958
996
962
990
992
962
978
1000
980
985
990
990
968
1004
1032
992
992
986
976
976
1008
958
970
1000
977
978
990
950
998
992
1004
981
974
974
986
946
997
1012
978
962
982
976
1004
1010
1038
1002
964
984
1002
944
1006
977
1009
1020
972
1016
978
976
986
984
982
1006
1006
1012
961
982
990
996
997
960
984
948
1018
958
962
1004
988
996
1014
976
996
982
980
1000
1000
988
965
976
938
1000
981
1012
990
990
968
1008
1028
972
956
971
982
984
978
988
947
1010
996
980
980
946
1020
977
982
954
955
972
968
981
988
980
1024
968
998
1018
994
982
954
968
976
1010
990
980
972
966
1004
1012
990
944
984
956
973
956
1008
976
1006
1012
986
972
974
979
992
952
984
970
970
986
1000
950
952
992
1000
962
988
958
987
962
1009
1008
980
998
974
1004
974
962
1008
988
976
1002
968
966
958
982
976
990
978
956
1000
982
942
1008
970
980
968
980
958
974
1004
1012
948
974
934
972
958
980
976
990
998
966
1006
990
978
976
1000
1002
978
1006
986
983
1000
986
990
988
1012
990
986
1032
1012
970
1022
1028
984
1006
1000
986
982
937
958
992
970
974
992
980
1006
997
1012
976
952
1005
982
982
992
980
998
1006
965
954
954
982
982
986
974
976
982
1016
946
1016
1014
952
982
970
1000
993
990
987
1026
987
1002
996
992
1012
1032
976
1026
990
978
972
994
1002
984
955
991
1032
1004
969
1006
1004
998
975
966
990
988
975
952
990
954
984
994
988
984
1004
968
946
980
982
958
994
948
1000
1000
968
996
1008
1018
974
982
1006
992
1008
972
990
980
980
968
948
1010
972
965
986
990
948
992
1002
988
964
976
1024
927
994
992
998
988
954
986
996
996
972
976
964
992
996
970
988
958
960
982
962
994
951
988
998
988
970
1006
984
1010
1008
984
986
988
956
1000
962
966
945
1006
974
956
1002
982
982
980
938
988
968
972
980
972
992
940
990
986
1004
970
1011
994
946
988
1024
1006
972
960
982
998
958
970
986
1000
998
980
998
973
970
970
1000
950
992
974
942
956
982
990
987
1002
978
964
912
1000
992
950
960
978
1002
974
1008
1007
1014
1018
986
988
958
978
1022
967
976
998
946
972
1006
988
993
980
982
963
962
950
986
998
982
1004
968
982
966
970
1014
970
958
956
970
976
1008
948
938
984
942
1000
982
1030
976
974
1006
968
994
1000
958
980
942
996
978
970
960
984
1004
978
1014
970
986
980
964
982
966
1010
966
982
996
954
988
942
1014
982
972
982
1002
1006
964
991
962
994
992
946
978
978
994
982
972
1024
1003
994
956
982
1010
942
964
982
1001
1007
956
943
990
986
1014
986
998
986
1000
982
998
1016
974
968
1020
958
966
948
1002
976
1003
962
950
1006
978
986
966
986
994
968
984
1042
989
1016
960
964
990
962
986
988
986
976
992
982
994
978
1022
1028
966
998
976
980
992
1017
974
968
984
957
1004
1004
1025
1006
986
961
1004
978
996
960
960
992
1000
988
994
964
970
940
974
972
953
968
974
988
994
994
968
976
972
992
950
1003
994
992
976
1010
980
1014
963
998
936
992
996
974
988
1012
996
970
970
946
962
966
1008
1020
978
983
953
968
986
974
952
994
1018
994
1014
996
990
966
983
990
964
1034
996
1032
980
975
952
985
1014
982
1010
972
970
952
938
1004
958
1026
974
1026
1000
982
990
1006
934
982
1002
968
1004
988
946
964
946
978
973
988
980
986
992
998
972
994
978
982
1005
989
978
966
989
1012
946
986
982
973
970
992
978
1022
974
954
1020
962
988
952
964
992
984
1017
964
990
970
1005
962
988
980
974
1012
978
1020
998
972
966
994
1005
954
982
1014
952
972
968
996
1018
984
980
983
1014
976
978
982
958
978
1006
998
971
992
984
952
1010
982
1010
958
1020
992
977
982
972
992
990
999
990
978
986
1024
992
980
998
964
976
984
988
986
958
1037
992
970
976
974
982
981
1002
988
972
972
983
990
990
1018
978
970
982
962
993
992
970
940
1001
1003
992
988
964
984
1002
984
993
1016
982
1011
984
970
1002
988
1018
994
988
982
984
950
958
1050
964
994
994
984
982
962
1002
958
958
1018
962
986
1000
940
968
985
998
994
994
978
976
998
992
972
1006
962
984
985
971
982
958
956
970
996
998
981
968
978
980
1016
987
1000
1002
972
986
1003
988
998
991
972
1016
971
978
984
966
1001
984
992
1002
1004
986
990
970
992
998
978
968
1008
998
994
972
992
982
950
978
1012
952
984
998
996
946
1000
998
1002
969
982
972
994