1040
1084
1106
1014
1044
1024
1030
1070
1062
1054
1050
1076
1054
1000
1060
1044
1048
1034
1044
1058
1010
1043
1014
1027
1002
1046
1032
1050
1039
992
1020
1006
1026
1022
1036
1030
1044
1016
1026
1026
1059
1022
1056
1045
1036
1098
1006
1038
1027
1036
1038
1048
996
1022
1048
1044
1038
1026
1028
1048
1026
1047
1044
1020
1024
1046
1018
1000
1044
1020
1034
1016
1064
1038
1042
1000
1034
1038
1068
1038
1018
1044
1030
1020
1064
1006
1032
1058
1058
1032
1019
1040
1023
1026
1056
1014
1044
1044
1042
1016
1060
1080
1034
1051
1020
1040
1052
1030
1090
1036
1034
1050
1021
1028
1070
1050
1046
1024
1036
1016
1040
1030
1028
1030
1036
1046
1002
1036
1032
1068
1010
1014
1044
1036
1059
1040
1050
1009
1024
1050
1046
1064
1026
1011
1024
1029
1020
1032
1048
1044
1036
1028
1026
1038
1030
1046
1060
1016
1054
1068
1036
1024
1008
1070
1034
1058
1034
1042
1012
1030
1026
1052
1032
1066
1052
1058
1012
1014
1025
1040
1050
1040
1046
1048
1040
1031
1036
1054
1060
1024
1058
1024
1036
1040
1046
1058
1039
1042
1070
1026
1052
1020
1046
1046
1014
1020
1048
1052
1030
1096
1035
1078
1029
1034
1032
1032
1060
1018
1046
1012
1070
1038
1000
1018
1022
1014
1056
1038
1046
1036
1020
1026
1036
1034
1046
1068
1042
1044
1030
1026
1042
1052
1024
1034
1061
1020
1042
1052
1036
1028
1013
1012
1020
1044
1024
1054
1018
1040
1040
1020
1004
1022
1056
1038
1014
1046
1004
1024
1068
1012
1040
1048
1054
1032
1012
1058
1040
1036
996
1014
1046
1008
1020
1038
1036
1059
1026
1029
1002
1040
1038
1010
1060
1032
1084
1044
1028
1038
1044
1086
1036
1056
1066
1015
1040
1016
1048
1028
1065
1034
1032
1049
1002
1012
1006
1010
1062
1040
1022
1028
1038
1022
1016
1032
1050
1062
1054
1010
1050
1022
1042
998
1008
996
1078
1036
1047
1014
1026
1042
1064
1008
1020
1040
1008
1032
1050
1040
1083
1020
1024
998
1010
1002
1008
992
1056
1044
1012
1060
1022
1018
996
1040
1036
1068
1029
1006
1050
1080
1050
1034
1040
1018
1010
1028
1032
1038
1042
1049
1016
1030
1083
1030
1044
1060
1043
1030
1044
1034
1016
1030
1042
1064
1066
1018
1056
1044
1002
1044
1048
1066
984
1040
1006
1062
1060
1014
1022
1050
1040
1046
1032
1036
1018
1057
1060
1056
1037
1006
1026
1036
1072
1028
1014
1018
1046
1038
1044
1008
1076
1012
1016
1010
1020
1016
1044
1064
1034
1018
1046
1042
1034
1062
1046
1076
1012
1066
1034
1019
1043
1034
1016
1016
1034
1040
1016
1048
1012
1056
992
1030
1042
1078
1040
1052
1046
1042
1052
1059
1012
1058
1016
1052
1042
1032
1018
1020
1056
1061
1028
1042
1022
1022
1014
1022
1030
1020
1034
1048
1050
1050
1040
1036
1056
1050
1026
1052
1038
1080
1002
1034
1018
1039
1022
1038
1062
1054
1020
1036
1068
1018
1029
1014
1026
1047
1064
1036
986
992
1062
1028
1047
1042
1044
1045
1067
1048
1040
1058
1032
1062
1052
1062
1026
1052
1058
1058
1062
1060
1026
1088
1056
1050
1042
1018
1048
1012
1050
1056
1054
1004
1034
1018
1066
1026
1026
1058
1058
1043
1032
1010
1004
1062
1038
1032
1054
1057
1022
1008
1024
1044
1018
1012
1040
1028
1026
1034
1048
1014
1060
1035
1038
1052
1026
1025
1042
1059
1018
1038
1024
1028
1014
1038
1042
1010
1074
1056
1056
1086
1066
1046
1044
1038
1044
1036
1068
1068
1056
1032
1048
1052
1014
1028
1020
1050
1046
1046
1036
1024
1016
1024
1046
1038
1058
1032
1014
1058
1032
1032
1042
1030
1034
1054
1036
1038
1038
1006
1068
1000
994
1040
1002
1022
1034
1062
1024
1016
1058
1024
1066
1024
1026
1008
1022
1041
1044
1014
1040
1020
1036
1048
1006
1024
1042
1053
1011
1031
1030
1034
1054
1085
1052
1046
1017
1060
1026
1036
1065
1052
1024
1028
1034
1016
1036
1028
1032
1012
1038
1050
1039
1052
1032
1024
1032
1006
1062
1018
1024
1046
1070
1068
1038
1046
1072
1040
1012
1020
1026
1058
1028
1026
1016
1044
1043
1040
1020
1026
1052
1039
1046
1051
1032
997
1060
1050
1022
1028
1028
1072
1060
1044
990
1056
1058
1034
1024
1034
1046
1004
1002
1038
1040
1038
1014
1080
1038
1042
1030
987
1020
1030
1029
1066
1040
1036
1046
1044
1055
1070
1066
1034
1054
992
1034
1036
1046
1020
1002
1064
1082
1046
1058
1048
1004
1036
1050
1014
1048
1052
1013
1050
1024
1060
1028
1034
1055
1060
1066
1061
1048
1002
1036
1048
1012
1060
1066
1068
1010
1032
1038
1016
1044
1042
1040
1024
1006
1052
1016
1044
1016
1026
1014
1010
1038
1026
1012
1030
1036
1024
994
1054
1038
1014
1044
1046
1052
1032
1004
1044
1068
1032
1058
1052
1026
1052
1074
1044
1018
1048
1030
1048
1016
1064
998
1042
1022
1024
1058
1042
1022
1034
1038
1062
1026
1028
1036
1026
1008
1020
1058
1016
1012
1046
1016
1056
1030
1058
1054
1074
1003
1027
1010
1054
1028
1044
1024
1030
1074
1024
1014
1021
1044
1056
1057
1035
1036
1044
1016
1048
1044
1044
1024
1062
1046
1026
1074
1082
1018
1020
1065
1034
1036
1074
1026
1036
1014
1026
1006
1062
1038
1018
1062
1080
1048
1062
1052
1020
1025
1032
1008
1038
1032
1068
1087
1012
1060
1024
1056
1056
1024
1044
1060
1032
1045
1046
1044
984
1072
1000
1058
1048
1020
976
1016
1044
1042
1035
989
1022
1006
1034
1029
1024
1008
1022
1035
1047
1050
1012
1028
982
1060
1058
1040
1032
1024
1042
1042
1068
1034
1010
1076
1040
995
1059
1040
1012
1036
1056
1050
1036
1030
1022
1050
1054
1050
1040
1074
1062
1056
1046
1046
1050
1032
1028
1031
1058
1052
1014
