976
1020
1038
962
988
956
1002
1008
990
978
988
998
998
946
1000
986
998
962
966
986
954
979
970
955
956
986
972
1014
971
938
966
950
968
966
974
968
1004
978
962
960
1013
960
974
983
964
1030
946
968
987
976
972
998
946
966
986
980
980
972
976
982
944
971
994
964
978
972
974
938
980
962
964
968
990
996
990
948
976
982
998
968
964
980
972
962
1006
910
972
988
990
952
985
980
963
978
1006
974
980
984
950
958
1010
1008
974
977
972
978
970
956
1018
1000
982
968
957
950
990
984
986
970
974
972
986
960
964
972
978
984
960
980
988
1004
962
962
980
984
1011
982
974
967
980
990
958
1012
962
955
970
981
972
986
992
982
966
970
990
994
968
980
990
968
998
970
980
962
972
1008
970
990
992
956
924
966
968
982
976
1004
994
968
966
946
951
986
986
974
966
978
976
965
972
968
1006
960
994
982
992
988
974
990
967
978
992
968
986
972
992
990
942
942
984
994
980
1024
959
1016
983
954
982
974
1004
960
976
954
1038
984
956
944
956
974
986
978
996
976
978
978
952
970
994
998
968
992
966
956
954
984
958
980
993
958
978
980
970
970
953
954
970
978
976
1014
946
968
982
956
964
968
990
974
984
986
952
968
996
968
986
994
1012
964
962
1008
972
968
914
964
976
956
966
982
984
983
952
991
940
968
970
944
970
964
1018
998
964
960
982
1004
978
1010
996
965
976
960
968
944
993
974
964
987
960
968
952
966
1004
986
972
970
976
986
974
976
976
990
978
972
988
974
992
966
960
924
984
962
973
952
960
980
988
962
950
988
954
984
974
980
1023
962
946
942
958
936
942
926
1000
986
940
982
950
968
942
982
972
1032
981
946
984
1022
986
964
980
950
950
980
996
970
986
963
958
972
1005
988
972
1006
993
982
972
974
954
958
970
1006
1002
964
984
964
938
964
940
998
954
982
946
1018
988
984
982
990
998
974
968
988
962
961
964
978
991
960
964
970
1012
960
970
960
970
986
984
962
1014
962
982
978
966
964
974
1002
942
936
984
978
982
984
1000
1012
970
996
974
957
973
996
980
966
968
972
984
980
956
976
948
978
976
1014
980
984
968
976
994
1007
950
992
962
990
974
954
964
962
976
993
968
980
974
958
950
960
968
962
972
982
1012
962
968
966
982
994
968
1008
968
1028
958
980
948
993
974
998
980
994
962
966
1016
974
973
966
972
985
990
970
934
954
1012
948
991
964
984
977
997
990
980
990
982
998
998
1010
976
996
984
982
994
990
956
1012
996
974
972
954
988
966
990
988
984
944
988
950
1004
986
972
994
1004
995
970
950
966
990
980
964
980
991
964
960
968
972
964
950
976
964
978
980
996
958
998
981
968
972
954
979
988
991
974
974
950
948
958
980
994
978
980
998
994
992
1006
986
988
998
974
992
994
1004
996
988
984
1012
984
974
964
988
992
978
976
960
974
972
992
968
1002
958
946
1006
962
976
976
966
976
964
976
990
986
946
998
942
930
1000
964
968
984
986
954
974
986
992
986
962
958
962
966
975
1006
940
978
970
990
1002
956
962
980
989
971
965
976
958
1002
1013
984
986
969
1004
956
984
993
990
974
972
974
970
978
970
956
956
968
982
965
962
988
984
986
946
982
948
962
972
976
1010
978
974
1006
980
944
978
944
1004
958
978
956
980
993
968
952
964
972
977
972
961
962
943
972
986
954
996
962
1004
986
1002
940
990
978
986
934
978
980
962
966
984
982
976
966
1008
956
998
970
945
966
984
971
980
978
980
978
988
967
1002
1012
978
990
930
964
970
998
972
952
972
996
956
1020
972
944
976
980
970
966
992
961
1006
978
1004
982
966
983
982
1006
987
980
960
998
978
958
988
994
1000
942
978
962
976
976
978
960
964
946
988
966
988
968
958
968
958
972
972
944
974
974
976
940
976
988
968
966
1002
1008
968
964
970
1004
1000
988
980
964
956
1010
990
952
986
978
992
958
994
930
964
964
962
976
964
968
974
978
970
960
966
994
980
944
970
1004
968
942
986
940
968
952
986
992
1002
965
971
944
1008
966
974
984
956
1006
988
956
967
966
974
977
999
978
1000
960
958
990
990
994
988
1004
964
1002
1028
964
976
977
956
950
982
972
980
974
970
952
1016
962
974
1002
1016
978
998
980
964
945
972
944
980
988
992
1019
936
992
948
986
986
950
972
990
970
967
998
990
928
998
958
964
994
958
940
956
984
968
965
951
946
938
968
965
968
958
978
975
993
972
968
970
936
994
988
982
980
982
986
998
1004
978
980
1014
980
951
995
974
952
982
992
990
968
976
956
980
986
986
980
1010
970
982
980
990
986
976
980
951
986
944
974
