10458
10573
10513
10519
10387
10508
10411
10444
10513
10496
10503
10404
10444
10471
10399
10431
10583
10475
10534
10454
10547
10435
10543
10502
10398
10664
10496
10540
10636
10533
10472
10687
10552
10528
10614
10509
10614
10681
10536
10620
10577
10527
10401
10547
10439
10455
10354
10439
10415
10472
10559
10558
10558
10524
10536
10428
10467
10498
10594
10572
10430
10512
10499
10544
10498
10552
10599
10559
10449
10434
10664
10549
10481
10621
10449
10538
10623
10567
10522
10450
10545
10504
10535
10537
10543
10545
10488
10584
10573
10511
10500
10594
10582
10540
10545
10392
10357
10525
10621
10726
10543
10488
10652
10629
10318
10570
10519
10613
10431
10560
10615
10534
10586
10504
10487
10529
10441
10433
10461
10565
10552
10539
10619
10476
10655
10528
10499
10655
10594
10515
10619
10572
10577
10496
10620
10494
10576
10520
10499
10535
10454
10528
10541
10364
10547
10527
10480
10540
10572
10561
10531
10734
10454
10592
10385
10589
10593
10559
10512
10440
10454
10417
10482
10472
10489
10519
10532
10520
10586
10483
10380
10547
10484
10566
10577
10556
10554
10454
10667
10615
10559
10527
10484
10552
10475
10528
10516
10592
10541
10367
10333
10482
10629
10505
10608
10512
10545
10529
10488
10469
10411
10523
10544
10543
10535
10519
10531
10569
10631
10536
10446
10507
10558
10545
10484
10511
10460
10547
10445
10541
10497
10586
10450
10542
10584
10405
10541
10387
10534
10519
10478
10371
10465
10536
10538
10598
10506
10571
10567
10554
10537
10509
10545
10490
10496
10525
10433
10474
10548
10426
10641
10471
10440
10628
10632
10432
10495
10543
10634
10434
10373
10626
10420
10606
10530
10395
10506
10538
10516
10512
10500
10582
10518
10543
10329
10529
10454
10495
10642
10472
10487
10478
10537
10530
10485
10500
10556
10563
10497
10460
10604
10559
10358
10562
10714
10512
10542
10335
10368
10576
10440
10521
10660
10471
10578
10510
10517
10523
10645
10564
10686
10522
10485
10506
10563
10527
10459
10529
10416
10492
10440
10573
10575
10475
10559
10582
10632
10552
10524
10484
10479
10604
10404
10439
10544
10622
10581
10462
10551
10504
10532
10625
10569
10636
10611
10597
10573
10346
10486
10565
10541
10445
10488
10515
10716
10562
10512
10540
10462
10490
10542
10525
10463
10461
10531
10454
10651
10398
10503
10571
10521
10586
10615
10461
10569
10543
10517
10530
10539
10407
10451
10573
10510
10626
10611
10422
10524
10611
10541
10565
10417
10525
10513
10481
10517
10417
10420
10549
10471
10467
10480
10638
10546
10601
10395
10543
10523
10646
10685
10413
10456
10496
10496
10470
10558
10579
10580
10556
10543
10500
10409
10640
10628
10468
10591
10550
10584
10597
10401
10461
10505
10374
10572
10605
10495
10553
10459
10470
10568
10610
10553
10526
10528
10572
10402
10507
10464
10521
10520
10522
10460
10518
10646
10611
10545
10593
10522
10519
10551
10490
10600
10537
10472
10602
10519
10364
10551
10516
10526
10505
10516
10473
10597
10575
10474
10540
10498
10570
10622
10510
10499
10541
10547
10557
10533
10574
10444
10604
10421
10546
10651
10635
10542
10575
10711
10570
10543
10521
10509
10565
10492
10512
10556
10462
10503
10563
10528
10593
10508
10538
10590
10448
10521
10591
10481
10465
10535
10568
10619
10559
10549
10412
10637
10638
10542
10688
10461
10484
10509
10528
10549
10566
10479
10496
10499
10489
10607
10611
10547
10471
10399
10426
10458
10485
10437
10431
10473
10567
10525
10493
10612
10323
10402
10436
10584
10407
10441
10495
10535
10587
10512
10628
10565
10462
10417
10538
10418
10396
10517
10626
10582
10470
10635
10427
10592
10414
10649
10549
10545
10548
10583
10460
10481
10476
10531
10536
10301
10369
10561
10537
10585
10505
10461
10538
10431
10531
10582
10519
10639
10438
10555
10616
10431
10591
10356
10545
10538
10532
10483
10599
10516
10404
10468
10488
10567
10593
10487
10508
10480
10543
10421
10571
10464
10493
10520
10508
10569
10561
10359
10523
10442
10600
10478
10432
10585
10572
10527
10510
10537
10508
10483
10654
10567
10549
10559
10534
10509
10563
10545
10564
10455
10547
10488
10395
10504
10493
10479
10500
10329
10534
10551
10429
10504
10503
10574
10566
10467
10564
10515
10589
10394
10562
10515
10605
10489
10503
10476
10444
10455
10499
10531
10477
10468
10552
10485
10618
10579
10517
10330
10452
10420
10471
10587
10545
10572
10583
10533
10629
10468
10528
10457
10518
10579
10732
10596
10461
10500
10548
10487
10547
10542
10407
10477
10479
10609
10536
10529
10468
10539
10663
10503
10505
10605
10463
10508
10525
10554
10543
10514
10412
10579
10529
10488
10533
10565
10473
10490
10505
10638
10498
10531
10603
10490
10614
10363
10583
10437
10597
10558
10556
10653
10551
10523
10599
10573
10481
10619
10563
10551
10586
10629
10492
10523
10443
10447
10553
10602
10628
10593
10609
10423
10497
10623
10518
10515
10489
10610
10692
10499
10488
10479
10699
10544
10542
10571
10512
10572
10520
10465
10512
10464
10514
10544
10525
10556
10464
10520
10592
10548
10516
10516
10612
10511
10700
10371
10528
10473
10625
10520
10533
10547
10504
10433
10500
10555
10553
10499
10516
10553
10608
10587
10559
10549
10533
10462
10494
10607
10508
10516
10505
10577
10528
10446
10519
10578
10464
10497
10513
10470
10490
10527
10364
10577
10598
10603
10581
10369
10424
10497
10493
10594
10499
10479
10416
10619
10629
10478
10519
10543
10558
10596
10428
10402
10479
10532
10498
10489
10461
10600
10449
10593
10570
10554
10555
10485
10504
10476
10468
10514
10571
10592
10554
10442
10460
10526
10505
10481
10607
10535
10553
10523
10461
10325
10562
10582
10459
10568
10566
10414
10502
10559
10548
10563
10634
10506
10525
10432
10506
10443
10505
10600
10517
10469
10656
10452
10556
10514
10506
10533
10440
10645
10413
10542
10587
10474
10444
10487
10669
10428
10439
10534
10513
10540
10484
10578
10591
10568
10571
10517
10450
10480
10536
10607
10642
10502
10441
10466
10607
10513
10618
10690
10593
10592
10625
10424
10428
10492
10509
10360
10470
10560
10559
10440
10360
10408
10654
10536
10620
10498
10674
10445
10574
10535
10590
10376
10563
10510
10578
10652
10589
10570
10403
10521
10524
10563
10417
10418
10624
10443
10506
10585
10588
10508
10402
10492
10447
10566
10459
10507
10563
