9868
9973
10111
9975
9929
10038
9977
10103
9994
9812
10083
9973
10055
10098
9963
9998
10081
9877
10051
9876
9945
10043
10053
9860
10074
10021
10157
10039
9996
10049
10110
10079
10015
10099
10039
10043
10043
9982
10014
10007
10115
9929
10029
10114
10109
9889
10146
10021
9948
10094
10044
9998
10015
10136
10003
9947
10091
9936
10024
9971
10017
9924
10003
10090
9856
10074
9944
9943
10111
10060
9964
9971
10098
10039
9973
10033
10067
10026
10114
9990
10065
9880
10077
9924
9989
10013
10040
9971
10087
9870
9955
9872
9980
9999
9878
10009
9943
10140
9962
10107
10112
10046
9974
10026
10063
9946
10002
10156
10019
10030
9995
10062
10031
9974
10061
10023
10068
9863
9980
10076
10007
9885
10146
9975
10059
10002
10021
10098
9988
10000
9952
10114
10049
10010
10056
10137
10143
10030
9873
10173
10008
9951
10070
9980
10040
10058
9997
9995
9886
9962
10002
10071
10107
9918
9920
9981
9932
10009
10034
9977
9900
10036
10036
9979
9846
10119
9928
10068
10077
9936
10103
10004
10038
10154
10007
9973
9951
9996
10003
9853
9977
10011
9966
9873
9992
9907
10033
9967
9994
10079
10002
9959
9970
10113
10026
10002
10039
9914
10073
10018
9896
9946
10028
10101
10076
10061
10082
9907
9942
10027
9972
10031
10057
10025
9978
10065
10040
9862
9996
9977
9936
10097
9909
10005
9986
9932
9931
10025
9904
10091
10063
10111
9911
9819
10089
9962
10069
10089
9949
9913
10027
10109
9961
10005
9991
9870
10091
9993
10071
9986
9987
10064
9935
10118
10105
10188
10060
10149
9974
9980
10070
9975
10071
9836
10096
10065
10079
9915
9848
10013
10089
9984
10106
10019
9964
9925
9984
10068
10012
9910
9985
9910
9956
10067
9851
10038
9914
9886
9980
10121
9939
9977
9976
10090
9923
10096
10096
9990
9897
10030
10044
10055
10035
9932
9980
9980
10021
10040
9957
9976
10071
10041
10136
9983
10127
9995
9980
10153
10080
10035
9946
9833
9998
9944
10106
9983
9961
9861
9904
9966
9992
9939
9896
10006
10036
10069
9940
10135
9979
9859
10006
10126
10123
9902
9994
10043
9950
10020
9987
10146
9952
10135
10047
10014
10057
9926
10008
10020
10014
9887
9913
10108
9913
9998
10106
10062
9911
10070
9992
10016
9938
10086
9994
9940
10045
9933
10011
10127
9962
10048
9940
9905
10106
9896
10006
9929
10118
9986
9971
9954
10022
10040
10047
10045
9879
10023
10065
10052
10025
9977
9993
10002
10066
10054
10112
10016
10040
10068
9960
10183
10001
10089
10039
10037
9973
10108
9990
9979
9950
10023
9905
10065
9976
10027
10037
10015
10064
10013
10043
10018
10007
9971
9951
10077
9878
9950
10047
10123
10023
9860
10098
10048
10018
9965
9977
10088
10063
10027
9966
10059
9855
9951
9945
9952
9969
10094
9914
10031
10205
9988
10009
9930
10019
10041
10051
10019
10044
10055
9992
9981
9982
9846
9982
9885
9925
10036
10029
10033
9996
9860
9976
10026
10088
10100
9998
9989
9991
10011
10048
9913
10064
9924
10024
9941
10057
10018
10021
9892
10034
9956
9967
9955
9971
10026
10036
10101
10024
10141
9968
10067
9976
10131
10059
10073
9963
10073
10067
9894
9956
9976
9907
10008
10022
10070
10158
9994
9943
9959
10147
10001
10041
10054
10020
10103
9952
9939
9926
10041
9948
10048
10057
9952
10092
10055
10225
10075
10038
10114
10018
9980
10117
10061
9979
10174
10066
9974
10007
9873
10007
10090
10056
9985
9924
9965
10010
10000
9994
10140
9992
10043
10144
9938
10086
9978
10054
9940
9888
9951
9967
10122
9991
10049
9895
9919
9912
10060
9927
9949
9909
9931
9925
10005
9988
10096
9971
9915
10014
10090
10042
9970
10146
10022
10017
10008
9953
9970
10174
10002
9969
9923
9940
10019
9939
10051
10056
9999
9925
9880
10087
10015
9912
9942
10110
10134
9949
9956
10028
10103
9982
10034
9991
10098
9791
9996
10161
9974
9990
10062
10006
9975
9974
10007
10042
9992
9909
10024
10149
10092
9880
10059
10112
10040
9942
10087
10035
10017
9927
9963
10146
9997
9981
10032
10046
10059
10003
10091
9957
10027
9983
9949
10001
10037
10102
10004
9801
10055
9979
9982
10005
10075
10034
9962
9890
9979
10182
10059
9946
9942
9997
9882
9795
10058
10032
10023
9958
10073
9959
9934
9970
10075
10043
10069
10009
10028
9924
10075
9969
9937
10087
9979
10116
9917
9952
10102
9955
9937
9957
10019
9954
10032
9993
10002
10092
10021
10059
9980
10039
10049
10064
9976
10036
9920
9985
9989
9993
9887
9898
10243
10065
10017
9910
10029
9986
10076
9918
9903
10057
9954
10020
10054
9997
9982
9962
10001
9885
10002
9961
9946
9942
10080
9996
9932
10123
10026
9984
10019
10165
9866
10036
10119
10073
9999
9976
10050
10088
10010
9983
10085
9954
9986
10120
10146
10053
9968
10047
10097
9968
10010
10033
9971
10030
10075
10011
9981
9984
10092
10002
9978
9988
10078
10024
9921
10133
10027
9970
9825
9932
9956
9953
9957
9965
9992
10168
10044
9789
9984
9965
10078
9949
10030
9950
9986
10014
10078
9969
9917
10023
9872
10129
9934
9989
9991
9980
9884
10050
10140
9978
9968
9894
10032
9912
9883
10091
9944
10014
9934
9957
9972
10182
9965
9944
9971
10120
10015
9909
9846
9988
10040
10044
10113
9917
9947
10015
10049
10067
9979
9897
10095
9974
9924
9994
9988
10035
10003
9968
9891
10126
9943
9913
10003
9970
10177
10016
9998
10016
9943
10022
10046
9989
10030
9930
9948
10126
9915
10206
10130
9922
9848
10041
9965
9995
9965
9895
10054
9940
10008
10176
9930
9906
10001
10080
9999
10045
9845
9849
10051
10121
9906
9911
10055
9975
10011
9878
10108
9936
9939
9999
9992
10124
9966
10081
10053
10067
10072
10028
10127
10136
9945
9876
9998
10092
9911
10056
10121
9844
10046
10022
9939
10104
10091
9936
9955
10012
10012
9925
10018
10051
9986
9998
9962
9992
10028
10132
10010
10035
9990
9984
9916
9962
9921
10017
9992
9846
10029
10115
9973
9936
10030
10028
10075
10027
10065
9931
10044
10005
10055
9988
10049
9963
9920
10012
9947
9975
9899
10083
10027
9988
10051
9934
9970
9931
9986
9941
9953
10000
10003
9998
10004
10030
9911
9905
9827
9994
10001
9924
9968
9847
10034
10022
9987
10025
10127
9974
9967
9983
10042
9841
10077
10013
10002
9961
10049
9981
10011
10120
10035
10064
10043
9960
9902
9963
10127
10009
10068
9951
9974
9900
10050
10008
10014
9849
9980
9962
10007
9880
10139
9924
9999
10029
10024
10104
9983
9968
10031
9956
9879
10008
9951
9946
10045
10024
10065
10057
9921
10129
10014
9914
10066
10003
9928
10028
10000
9974
9874
9918
10074
10035
10009
10019
10116
10022
9886
9989
10065
9908
10031
9936
10077
9974
9990
9988
10060
9920
9967
9941
9989
10001
10020
10063
9924
10046
9937
9922
10120
9979
9928
10038
10095
9969
10205
9990
9991
9907
10049
10091
10029
10097
10013
10016
9938
10028
10093
10000
9835
9960
9980
10056
9932
10026
10042
9975
10029
9927
9945
9983
10043
10062
9947
10000
9976
10003
10065
10111
9907
10103
10062
9987
9970
10092
9975
10160
10013
10037
10034
10000
9903
10092
9965
10004
9869
10150
9946
10038
10013
9971
10080
10047
9997
9971
9889
9899
9947
9996
9920
10051
9989
9972
9953
10054
9909
10082
9882
9952
10083
9974
9949
10062
10051
9892
10069
10120
10019
10013
9951
9944
10057
9910
10018
9964
10007
9996
10117
10046
10078
10062
9984
10032
9960
10029
9981
10002
10022
10064
9856
9909
10039
10120
10029
9965
9811
10007
9932
10030
9900
9852
9908
9983
9945
10095
9963
9880
9979
9895
10037
10016
9905
10023
9985
10048
10064
10084
9959
10019
10173
9999
10053
9865
9957
10015
9954
10094
10061
10071
9885
10062
10000
10074
10053
9999
10062
9995
9998
10117
9938
9884
9982
10143
10078
9880
10108
10025
9945
9996
10023
9994
9961
10127
9994
10079
10071
10007
10049
9907
9986
9988
9865
10012
10093
9963
10130
9911
9978
9916
9959
10056
10038
9950
10132
10081
10026
10103
10040
10091
10085
9948
9943
9982
10062
10022
10017
9948
10028
9940
10051
10005
9900
9987
9934
9967
9976
9962
10147
9988
9947
9884
10080
9970
10025
10096
9920
10177
9846
10053
10079
10006
9867
10056
9913
9908
9867
9852
10062
9968
10024
9973
9973
9875
10092
10108
9979
9995
9995
9952
10123
9977
9806
9942
9985
10169
9854
10008
9936
9980
10007
10016
10095
9935
10044
10085
9956
10085
10083
9990
10042
10178
10086
10016
10078
10129
10003
10035
10010
9976
9916
10038
10040
9976
10073
9825
10058
10032
10035
9893
9833
10104
10006
9813
9861
10029
9910
9892
9919
9999
10038
10011
9930
9968
10015
10109
10004
9993
10037
9838
9987
10003
9960
10018
9989
9973
9937
10022
10039
10010
9935
10057
9998
10094
10101
9934
10142
10024
9973
10065
10099
10106
9908
9959
9986
10256
10036
10037
9927
9992
10108
10025
10044
10033
10002
10034
10027
10022
10024
10111
10136
9903
9977
9901
10027
10004
9981
10042
10077
10149
9953
9974
9973
9980
9913
9925
9956
10036
10005
10085
9879
10138
10068
10008
9877
10011
10027
9984
9954
9931
9919
9920
10027
9982
10023
10029
9994
9978
10039
10020
9994
9880
10070
10081
9916
9895
10001
10011
10053
10035
10072
9940
9945
10036
9941
10020
10109
9998
10052
9933
10007
10097
10036
10080
9993
9961
9903
10036
10068
10025
10101
10032
9981
10073
10022
10021
9896
9941
10075
10060
10084
9857
10041
9922
10076
9968
9933
9914
9937
10063
10044
10020
9952
9992
10059
10105
9964
10138
9978
10054
9948
10039
9970
9974
9983
9927
10007
9872
9898
9854
9951
10002
10054
10114
9847
9844
10080
10080
10059
9906
9966
9936
10127
9918
10099
10001
10012
10064
9959
10068
9989
9977
9917
10140
10007
10086
9910
9948
10027
10066
10029
9973
10114
10069
10025
10053
9910
10051
9977
10045
10011
9925
9973
9928
9912
9973
9962
10033
9993
10032
9956
10115
9891
10018
10036
10027
9961
9967
9904
10130
9941
9939
9926
9976
10011
10094
10035
9943
10133
10016
10050
10040
10021
9926
10088
9899
10037
10008
9919
9951
10027
9943
9959
10093
9963
10070
10005
9971
10215
9980
9865
10084
9958
9990
10012
9920
9943
10030
9941
10037
9918
9983
9990
9952
10097
10041
10002
9936
9913
10007
9969
10033
10011
10086
9896
10081
9929
9925
10008
10016
10039
10013
10026
9901
9847
9962
10075
10014
10069
9944
9970
10171
10100
9940
9891
9977
9924
10027
9997
10001
9911
10141
9887
9904
10034
10045
9924
9966
10084
10165
9984
10045
10016
9861
9995
9931
9882
10048
9995
9906
9997
10086
10061
10023
9966
10123
9931
9943
10040
9944
9999
9889
9992
10051
10034
9988
9928
10131
10112
10050
9936
10074
9907
10044
9946
10016
10128
10091
9903
9971
9955
10112
10059
9947
10023
10020
10110
9947
9977
10047
9946
9936
10042
9994
10005
9949
9966
10028
9916
9976
9901
10077
9986
10104
10035
9961
9978
10041
9901
10041
9992
9988
10081
10045
10057
10011
10024
10001
10091
9971
10003
10052
9998
10120
9964
9970
9989
9942
10125
10162
10021
10010
9901
9995
10021
9987
9942
9975
10014
9982
9966
10003
9899
9986
10051
9991
9879
9953
10036
10100
9981
10155
9901
10005
10025
10055
9926
10132
10051
9875
10074
10059
9972
9984
9997
9964
10118
9971
10027
9955
10082
9946
9882
9947
9910
9978
9930
10000
10033
10024
9956
9991
9912
10018
10011
10203
9925
9962
9940
10071
9924
9987
9913
9972
9989
10062
10051
9946
10089
9948
10086
10053
10028
9962
10044
10055
10085
10030
10100
9935
10025
10057
10038
10089
10011
10019
9983
10090
10129
9981
10104
9966
9972
10068
10018
10031
10120
9996
10070
10009
10068
10000
9981
9922
9867
9958
9970
9995
9986
9959
9960
10093
10025
10140
10054
10044
9994
10026
9966
9913
10116
9995
10025
10071
10065
9985
10052
9987
9971
9945
10002
9996
9995
9910
10062
10153
10056
10128
10017
9972
10003
10052
10133
10007
9971
9825
10074
9975
10035
10044
9809
9977
10071
10039
9975
9955
10010
10032
10073
9995
9937
9935
9979
10069
9934
10134
10076
10005
10018
9994
9966
10065
10016
10008
9993
9939
9967
9934
10038
10005
9982
10107
9996
10012
10130
10053
10081
9977
10039
10024
10033
10038
9985
9981
9770
9922
10072
10022
9986
10025
9932
10071
10075
9902
9931
10031
10047
10015
9985
9956
10037
10016
9929
10054
9903
9944
9905
10008
10042
9859
10111
10119
10132
10015
10160
9998
10048
10101
9843
10124
9812
9969
10127
9919
10190
9967
10054
10010
10051
10161
9894
9968
10073
10105
10040
10010
9830
9997
10019
10028
9959
10042
10021
9984
9901
9972
10043
9969
10100
10171
10004
9952
9983
10018
9934
10000
10051
10027
9998
10041
9962
10048
9931
9922
10077
9946
9988
9879
9965
10008
10081
9973
9970
10118
10017
9957
10209
9986
10024
10058
9994
9957
10057
9941
9960
9949
10060
10039
10116
10050
10048
10097
10077
9993
10055
10003
10005
10024
10097
10034
9954
10008
10098
9975
10009
10047
9942
10020
9954
9979
9946
9946
9866
9985
9969
10077
10085
10135
9917
9891
10065
10047
10019
9975
10084
9938
9979
10081
10025
10023
9985
10095
9998
9939
10032
10036
9948
10027
10089
10011
9891
9980
9983
10165
9892
9965
10019
9891
9868
10119
9999
9959
10000
10153
9988
9990
9965
9965
10051
9965
9977
9966
10001
10121
10051
10045
10010
9924
10031
9947
9926
10058
10063
10084
9964
10040
10174
10016
10055
9917
10027
9867
9907
10081
10005
10005
9812
10028
9911
10046
9931
9945
10136
10036
10034
9971
10043
9931
9988
10000
9907
9965
9885
9967
9963
9853
10109
9969
10079
9953
10017
10070
9981
9980
9949
10153
9891
9999
10006
9920
9995
10052
9984
9974
10007
10103
9935
9947
9997
9923
9931
10016
10150
9962
10034
9993
10005
10077
10093
9967
9937
9981
9998
9931
9880
9935
10029
9995
9897
10098
9953
10090
9985
10017
10012
9922
10020
10090
10025
9980
9963
10012
10098
9987
10084
10017
9985
10051
10099
10050
10050
10017
10194
9987
10012
9973
9972
10051
10058
9987
9904
9986
9997
9966
10135
10060
9999
9972
10050
10159
10070
10026
9997
9951
10041
10097
9984
10022
9935
9942
9986
10006
9938
9967
10050
10053
9988
10116
9968
9922
9952
10038
10001
10196
10056
9931
9844
9941
9970
10011
10031
10006
9955
9920
10043
9931
10006
10122
10008
10077
9912
9997
10006
10087
10048
9948
10011
9934
9897
9949
9942
10069
10110
9910
10019
10036
10109
9986
10107
9954
10112
9970
9986
9961
9942
9837
10035
9961
9984
9979
10119
9943
10090
10096
10043
10136
9951
9989
9985
10102
10011
10068
9945
9979
10085
9905
10054
10035
10095
10034
9924
9984
9865
9967
10112
9948
9988
9995
10066
9923
9934
9928
10194
10101
10042
9998
9986
9974
9978
10082
9805
9954
9907
9901
10118
9917
10001
10000
10039
9963
10032
10016
10094
10001
10053
10013
10015
10030
10185
9937
9982
10010
10054
9990
9880
9981
9921
9967
10062
10002
9856
9928
10088
9966
9956
9837
10023
10098
9951
10000
10103
10020
10072
9963
9996
10020
10039
9962
9983
10079
10058
10176
9995
10002
10089
9876
9953
10084
9895
10013
9991
10023
10031
10062
10082
10018
10096
9971
9937
10008
9946
10086
9967
9968
9878
10012
9953
9944
10019
10088
10014
9931
10056
10017
9898
10078
10028
10067
10139
9981
9976
10023
9935
9966
10156
10003
10118
9973
10064
10037
10100
10061
10031
9989
9947
10006
10088
10158
9926
9974
10068
9962
10059
9966
9932
10046
9993
9842
10030
9950
9999
10023
10022
10058
10071
10042
10033
10036
10085
10088
9989
10061
10025
9957
9957
9933
10038
9975
10121
9939
9958
9996
9868
9933
9917
9973
9984
9992
10036
9987
9909
10014
10039
9838
9981
10060
10031
9926
9871
9930
10012
9890
10112
10113
10086
10053
10062
9999
9993
10061
9998
9943
10041
10019
9989
9854
10017
10076
10068
10077
10059
10019
10052
10118
9992
9985
9976
10058
10066
10002
9983
10004
9955
10066
10012
10076
10037
10002
9895
10136
9936
9979
10108
10078
10083
9953
9948
9956
10054
9992
10140
10066
9962
9939
10087
10060
9964
9905
10090
9988
10019
9923
9928
9892
9996
9998
10066
10029
9997
9945
9956
10012
9943
9889
10079
10108
9905
9947
10049
10119
10061
10115
10005
9879
10029
10032
9777
10036
10027
9893
9977
10046
9902
10007
9946
9980
9980
10039
10030
10056
10003
10080
10050
10236
9933
9976
10139
10031
9995
10097
10065
10080
9974
9940
9917
9995
10060
10078
10042
10059
10014
10040
9941
10011
10147
9914
9896
9998
10041
10053
10078
9970
10060
9992
10014
9943
10032
10116
10117
9981
10054
9933
9926
10048
10026
10054
9872
9958
10106
10062
10092
9979
10061
9963
10074
10025
10103
9995
9989
10022
10050
10048
10003
9892
9944
9998
9953
10039
10098
9923
9995
10040
9879
10036
10017
9994
10080
9995
9934
9965
9913
9983
10031
10098
9989
9809
9964
9885
9939
9959
10033
9973
10009
9993
10008
10037
9970
10031
10043
9877
9894
9947
10006
9904
10033
10084
9953
10022
9998
10010
10071
10155
9924
10050
9976
10033
10068
9946
9897
10024
9889
10005
10094
9965
9946
9922
9960
9947
9958
10049
9990
9846
9943
10061
10063
10079
9972
10022
10100
10044
10052
9964
9982
9948
9934
9982
9932
9991
9999
10030
10025
9983
9936
9956
9891
10044
10110
10053
9961
9981
10069
9985
9990
10031
9992
10065
9902
9974
10041
10029
10106
10010
9878
9925
10034
9986
10001
9997
9979
10153
9943
10038
10121
9976
9980
9958
9945
10067
9972
10003
10075
10005
10028
10232
10066
9962
9929
9948
10060
10005
10111
10014
9977
9928
10011
9996
9982
9980
10054
9934
9944
10121
9882
9937
9986
10024
10039
10077
10065
9973
10000
9949
9938
9956
10090
9809
10080
9933
9985
10019
9950
9900
10008
9913
9915
10126
9970
10091
9964
10022
10036
9991
10148
9993
9954
10126
10087
10131
9958
10098
10207
10051
10033
10041
9878
10095
10059
9996
9922
10096
9963
10056
10056
10009
10121
9998
10076
9878
10061
9992
10084
10031
9928
10088
10055
10070
10083
10138
9959
10101
10133
9970
10126
10018
10063
10019
10034
10005
10006
10107
10051
10118
9985
9940
10016
9991
10087
10037
10035
9931
9903
9943
9867
10017
9980
9981
9984
10038
9916
10035
10009
10035
9885
9962
9907
10050
9973
10128
10037
10036
10071
10040
10030
10088
10038
9914
10172
10091
10003
10084
10041
10005
9993
9965
10025
10081
9989
10134
10012
9956
9949
10025
10028
9977
10144
9950
9953
10025
9982
9918
9909
9907
10029
10104
10006
9954
10043
9995
10050
9987
9969
9945
9922
9931
10067
10044
10130
9904
9922
9960
10037
9971
9994
9921
10087
10086
9950
9970
10088
10005
10036
9988
10103
10108
10070
9915
9983
9916
10007
10064
10013
9894
10070
9889
9991
9932
9975
10118
10075
9971
9955
10057
9894
10020
9908
10085
9997
10089
10036
9938
9927
9953
10088
10053
9800
10025
9964
9967
9980
9902
9914
9832
10069
9949
9959
10130
10052
10126
10008
10014
10029
10152
10008
10056
9911
10058
9935
9996
10144
9956
10030
10002
9888
9975
10005
10052
9998
10011
9893
9894
10175
10005
10154
10009
9903
10046
10091
10085
9993
10070
10031
9984
9899
9801
10106
10147
9995
9964
9839
10023
9964
9993
9954
10018
10159
10042
10026
10064
9999
10091
9814
9926
9982
10107
10057
9981
9951
9827
9950
10061
10064
9974
10073
9979
10017
9983
9942
9780
9906
9853
10081
10011
9916
9841
10097
10021
9940
10035
9971
9988
10101
10053
10139
9942
10072
10063
9888
9978
9853
9970
9915
9940
10043
9966
10140
10070
9990
9956
10014
10054
9839
10055
9976
9992
10146
10028
10011
10022
10110
10018
10102
10049
10014
10030
9981
9947
9981
9946
10062
10018
9951
9879
10034
9926
10052
9977
9927
10008
9942
10071
9891
9991
9855
10062
10009
9897
9967
10009
10037
10090
9956
9984
10033
10027
9971
9917
10059
9921
9966
10174
9940
10066
9951
9941
10010
9867
9974
10023
10144
10076
9945
10031
9891
10068
9959
9981
10086
9843
9964
10088
10022
10000
9896
10069
10012
10085
9794
9978
9980
10027
9951
9992
10000
9949
9948
10163
10077
10059
9948
9876
10007
9913
9937
10058
9932
10047
10024
10007
9920
10008
10003
10000
10071
9888
9999
10044
9942
9983
9966
9939
10003
9948
10053
10045
9999
9957
10032
10023
9974
10051
10006
10174
9983
10004
10036
10135
9971
9987
9925
9924
9964
10006
9987
10013
10114
9843
10011
9904
10197
10000
9952
10010
9930
10033
9985
9965
9852
10017
9957
9942
10072
9986
9981
9992
9984
9991
10013
9966
9995
10033
9995
10024
9820
10065
9920
9957
9930
10006
10133
10035
9942
10041
9946
10006
9985
10056
10022
9872
10131
10011
10163
10030
10052
9916
9922
10016
10003
9831
9909
10088
10024
9950
10027
10039
10009
10054
10021
10005
10026
10096
10043
10010
10005
10000
10122
10166
10148
9924
9844
9861
10171
9959
9971
9863
10027
10040
9910
9942
10020
10020
9961
9932
10048
9924
9992
10055
10010
9932
10012
9956
10101
10054
10157
9990
9988
10043
10030
10074
9956
10011
9953
9848
10145
10132
9925
9898
9880
9956
10010
9982
10042
9860
10086
9984
9967
10104
9957
10072
9955
10139
10023
9946
10032
9998
10071
9981
10012
10126
9987
10018
10026
9954
9913
10054
10037
10073
9990
10068
9851
10012
10008
9962
9951
10006
9976
10032
9990
9917
10007
9986
10113
9902
9894
9904
10088
9964
10101
10111
9979
10092
10049
10011
9953
9981
10025
10087
10070
9901
9983
9912
9954
9906
9997
9890
10084
9877
9982
10088
9959
9979
10093
10092
10013
10041
10069
9914
10058
9950
10091
10023
10048
9903
10066
9984
9966
9998
9986
10064
10038
10046
9892
10138
9934
10091
10035
9981
9826
9961
10028
10011
9966
9971
9992
10060
10067
9959
10030
10030
9974
10052
9886
9906
9957
9957
10057
9939
10053
10067
10024
10026
9965
10021
10106
9985
9998
9993
10072
9946
9991
10122
9975
10055
10003
9919
10163
9996
9956
9920
10019
9971
10071
9986
9923
10005
10124
9964
10058
10075
9972
10091
10029
10053
10149
10052
10068
9836
10134
10080
10003
9963
9934
9964
10062
9879
9980
9966
9991
10050
9929
9855
10090
10024
9993
10119
9997
10004
9987
10064
9953
10129
9969
9973
10033
10019
9844
10081
9987
9835
9921
9877
10062
10052
10007
9999
10020
10085
10019
9967
9973
9803
9951
10062
10022
9814
10064
9925
9986
9998
10145
9962
9914
10123
9896
9861
10029
10072
10009
9947
10007
10042
10048
10045
10053
9887
9976
9923
10011
9928
10124
9964
10005
9976
10007
10108
9917
9970
9916
9957
9951
10040
10055
9974
9968
9978
10058
9971
9991
10043
10072
10040
9993
10038
10071
10088
9896
10014
10052
10073
10007
9957
10002
9835
9961
9927
9922
10008
9988
10056
9888
10037
9920
9989
10035
9926
9976
10088
10036
9937
9946
9962
10027
9946
10070
10011
9807
10019
10057
10040
9907
9882
9945
10046
10105
10009
10087
10008
9930
10047
9979
9951
10061
9994
10018
9958
9981
9979
9958
10066
10019
10081
9964
10012
9977
10087
9976
10106
10007
10078
10009
10054
9949
10057
9934
10010
10132
9996
9992
10016
10039
10054
10027
9931
9990
10007
9904
9994
9978
10108
9979
9968
9913
9973
9932
9931
9917
10041
10139
9972
9977
9892
10075
10022
10036
9921
10030
10020
10038
10019
9942
9918
10170
10031
10048
10082
10016
10104
10128
10078
9919
9936
9972
9975
10075
9940
10017
9945
9960
9998
10022
9928
10087
10008
9990
9917
9948
10034
10162
10089
9951
10130
9976
9946
9958
10077
9818
9984
9967
9971
10053
9977
10046
9934
10063
10044
9912
9999
9890
10071
10021
9880
9950
10020
9967
9960
10019
10038
10130
10055
9939
10044
10046
10039
9921
10069
9967
9936
10079
10080
9985
10000
10115
10040
10040
9969
9914
9918
10009
10011
9954
10103
10015
10009
10069
9995
10007
10066
10167
10126
9931
9967
9983
10144
10067
10088
9994
9895
9957
9970
9952
9932
9995
9945
9980
10034
10043
9970
9930
10179
9916
10050
10054
10117
10021
9897
10015
10167
10047
9975
10130
9984
10012
10105
10029
10008
10044
9979
9936
10031
9837
10060
10152
10032
9962
10002
10052
9990
9893
9963
10018
10070
10046
9953
10103
10111
9981
10142
10148
10155
10061
10037
9825
10010
9976
10020
10110
10000
10047
9941
9919
9960
10128
10057
10133
9987
10082
9979
9973
9941
9960
10083
10005
10035
10056
9915
10028
10115
10074
9972
9932
9968
10002
10068
9992
9953
9944
9945
10030
9934
9937
9969
9958
10170
10056
10113
10059
9979
9974
10008
10026
10009
10057
10064
10040
9969
9881
10029
10060
10024
10013
9955
10010
10066
9979
10094
10138
9947
10085
9989
9920
9994
10099
10063
10014
10043
9961
9930
9966
9902
10065
10072
10079
10012
10032
9913
10019
10029
10095
9972
9977
10125
10039
10034
10093
9914
10020
10059
9964
10017
9955
10064
10017
9873
10002
9916
9914
9954
10074
10031
9951
9964
9916
9944
10057
9990
9925
10076
10013
10074
10106
10042
9956
10021
9987
10131
10118
9945
10120
10027
10090
10039
10112
9890
10150
9976
10114
10050
9925
9955
9956
10002
9791
9987
9946
9952
10018
10072
9870
9975
10044
10032
10019
9863
9992
10007
9929
9940
10073
9853
9983
10051
10124
10097
9960
9830
9922
9948
9985
10037
10095
9897
9831
10036
9956
10098
9999
10046
9937
9943
9950
10049
9916
10046
9998
10038
10010
9968
9983
10024
10021
10020
10032
10062
9956
9958
9897
10035
10089
9996
10005
10100
10005
9934
9930
9991
10049
9916
9946
10002
9949
10086
10049
9920
9980
10087
10064
10018
10080
10009
10086
9956
9969
10028
10042
9974
10006
10129
10124
10016
10046
10030
9891
10043
10163
10073
9981
9954
10059
9950
10021
10046
9974
9948
10024
9947
10019
10063
10005
10055
10100
10130
10019
9920
9948
9955
10003
10011
9996
10052
10088
10046
9846
9960
9935
9897
9949
10044
9957
10082
9995
9907
10039
10076
10087
9966
10041
10090
10130
9966
10049
10051
10027
9985
9916
10005
10039
10046
9802
9902
10059
10086
9989
9990
9859
10012
9961
10055
10087
9847
9850
9989
9914
10075
9883
9946
10136
10009
10047
10066
10014
9962
10038
9958
10051
9965
10037
9958
10083
9996
10085
9972
10050
10076
10129
10028
9952
10087
10162
10018
10086
10029
9936
9986
9796
9987
9981
10133
10003
10089
9851
10060
10069
10141
9916
10009
9937
9978
10068
10080
9967
9995
10044
10033
10064
9984
10102
9900
9893
9860
10079
9960
10062
10025
10010
9956
10042
10150
10006
9964
9972
9961
10034
9940
9988
10096
10151
9906
9972
9981
10039
9970
9910
9956
10078
10128
10017
9922
10058
10022
9915
10005
10035
10024
9890
9948
9882
9915
9981
9955
10076
10002
9904
10124
10036
9940
10103
9933
10131
9994
9947
9879
10096
10067
9960
10086
9981
10089
9913
9957
9980
9944
9961
9934
10023
9943
9978
10082
10038
9864
9968
9995
9910
10017
9983
10075
10012
10060
10036
10023
10042
10071
9946
9942
9971
9997
9931
10101
9957
10014
9951
10022
10035
9994
9920
9981
10003
10039
10137
9884
10088
10112
10082
9930
10064
10034
10020
10100
9900
10009
9951
10018
9995
9921
10036
10099
10010
10043
9955
10003
9909
9970
9965
9965
10066
9995
10097
9940
10006
10000
9936
10061
9941
10080
10000
10039
9997
10078
9888
9954
10129
9946
9957
10091
9879
10006
10092
9973
9949
9973
10024
9887
9910
9998
9958
10018
10166
9901
10040
10042
9975
10012
10021
9977
9995
10103
9972
10132
10022
9993
9979
9963
10092
10037
9992
9964
9900
10139
9947
9922
10029
10036
9970
10018
9998
9972
9933
9968
9941
9972
9957
9943
10133
9960
10032
10018
9947
9866
9922
10089
9961
9909
9909
10009
10178
9900
10082
10057
9961
9990
10044
9951
10018
10027
10054
10078
10035
9835
10032
9898
10078
10009
10060
9853
9961
9990
10137
10096
9936
9965
9926
9992
9981
10059
10173
9966
10132
10074
10049
9942
10065
10009
10037
9924
9884
9959
10173
10011
10042
9898
10014
10062
10040
10076
9910
10021
10097
10132
9924
9975
9991
9951
9947
10021
10008
9989
10133
10018
9978
10139
9878
9969
10050
10112
10095
9980
9882
10045
9977
10047
10001
10020
10047
9877
9987
10059
9993
9963
10159
10056
9998
10082
10041
10017
10075
9922
9908
9924
10100
10048
10035
10057
10089
9894
10053
9988
10044
10009
9957
10137
10068
9859
10012
10031
10061
9990
10098
9991
9977
10019
10177
10089
9963
9998
10042
10039
9911
9959
10037
10070
10068
10048
10023
10042
10051
9948
10027
9854
9973
10086
10007
9950
10092
9936
10047
10023
10001
9902
9992
9962
9922
10002
9968
9946
9923
10095
10002
10098
10041
9945
10001
10060
10011
10029
9973
9995
9859
10068
9994
10157
9988
10013
9928
10014
9882
10084
9989
9883
9992
10071
10079
9957
9974
10154
10035
10008
9907
10069
10076
10003
9973
9930
10007
9934
9984
9987
10083
10114
9937
10084
9958
9918
10036
9981
9993
9929
9961
9968
9945
10009
9998
9967
9954
9986
10008
10078
10085
10105
10201
10015
9911
10081
10028
10134
10039
9967
10034
10046
10011
10083
9922
10057
10027
10040
9948
9914
9977
10049
10062
9956
9968
10008
9978
9945
9990
10086
10007
10126
9922
10017
10099
9920
9897
9945
10116
9848
10146
9935
9899
9948
10027
10140
9994
10112
10127
10039
10083
10066
10046
10081
10161
10006
9980
9948
10165
10069
9980
9932
9952
9895
10081
10035
9856
9996
9977
10000
9955
9994
9975
10064
9971
9914
10065
9940
9935
9940
9984
10083
9968
10002
9960
9937
9928
10018
9978
9996
9989
9946
10052
9972
10082
10197
10014
10080
9987
10028
10062
9972
9948
10002
9994
10114
9980
9974
10049
9858
10094
9979
9951
10060
10048
10074
10102
9947
10052
10055
9962
10113
10051
9968
9970
10029
10108
10098
9899
9929
10002
9950
10107
10126
10159
9944
9842
9933
9969
10054
10068
9989
10102
10029
10131
10018
9936
9978
9980
9974
9992
9956
9938
10008
9997
9989
9957
10049
9979
10012
9942
10098
9820
10019
10019
10103
10011
10116
9915
10000
9969
9917
10006
10009
9985
9989
9923
10035
9970
9883
10014
10108
10066
10112
10121
10048
9997
10048
9976
9905
9798
10017
10030
10018
10064
9949
9977
10042
10026
10043
9959
10068
9959
10022
9824
10074
10016
10085
10009
10051
9927
9914
10067
10000
10103
9955
9870
9931
9858
9974
10152
9992
9895
10002
10033
9921
9968
9863
10040
10005
10000
10019
9979
10013
10047
10126
9916
10075
10018
9942
10077
9938
10077
9973
10009
10103
10035
10062
9986
10105
10016
9911
10023
10009
10121
9907
9958
9950
10050
10126
10055
9996
10073
9920
10076
9956
9998
10007
10069
10105
10080
10076
10083
10026
9886
9948
10029
9834
9958
9989
9939
9931
9965
9936
9935
10110
10015
10026
9942
9975
9988
9970
9940
9949
10046
9883
10047
9995
10054
10063
10030
9945
10124
10099
9968
9976
9995
10184
9996
9971
10017
9993
10032
10109
9974
9948
10056
9966
9972
10029
9970
10053
10044
9967
9841
9909
9933
9940
10009
10145
10061
10065
10058
9922
9931
9991
9975
10061
10065
9976
9986
9937
10021
10062
10046
10011
9910
10083
9982
9855
9875
10003
10051
9977
9987
9954
9882
9968
9925
9976
9933
10056
10007
9943
9897
9944
9992
10073
10105
10062
10036
10022
10044
9938
10011
10129
10118
10006
9955
9956
10023
9973
10003
10053
9946
9954
10053
9990
9986
9975
10058
10025
9989
10033
10026
9954
10042
9967
9845
10234
9904
9986
9991
9954
9973
10077
9928
10051
10114
9946
9984
9948
10015
10037
9930
10009
9981
10120
10038
10019
10003
9912
9978
10064
9969
10103
9929
9944
9936
9967
10033
10048
9977
9984
10023
10025
10062
9985
10046
10032
10109
10028
10146
10002
10015
9902
10052
9917
9888
10041
10065
9982
9971
10075
10029
9911
10083
9934
10056
9926
10005
10117
10061
10149
10032
9920
9920
9948
9946
9979
10106
10040
9906
10026
9967
9962
9903
9930
9918
9928
9925
10140
9939
9951
9967
9993
10108
9960
10055
10215
10005
10058
10028
9954
9998
9967
9986
9942
10114
10021
9986
10087
10058
9976
10012
9927
9842
9968
9938
9968
9953
10134
10084
10185
9995
10058
9982
10081
9986
10065
10041
9856
10055
10082
9989
9977
10096
9927
10043
9942
10014
10060
10086
10136
10082
9953
10034
9997
10047
10022
10021
10055
10024
10041
9963
9814
10042
10167
9974
9893
10068
9999
10051
9945
9955
9709
10051
10117
9821
9898
10084
10012
9939
10057
10093
9892
10084
9907
10033
10056
9998
9959
10012
9997
9993
9979
9971
10213
9964
10027
10141
10040
9913
9927
9925
10069
9970
9981
9994
10003
10016
10006
10064
10145
10000
10024
10139
10076
10010
9953
10101
9984
10203
9987
10001
9951
9975
10027
10031
10174
9984
10005
9944
9964
9905
10022
9962
10060
10014
10052
10026
10003
9958
9885
10061
10011
10039
10004
10007
10020
9995
9840
10005
10002
10159
10114
9921
9995
9854
9979
10015
10029
10053
9984
10209
10077
9999
9948
9989
9967
10019
9904
10016
9948
10002
10060
10073
10042
10010
9934
10009
10020
9988
10000
9944
10029
9992
9971
10097
10063
9975
10004
10041
10025
10060
9959
10128
10107
10004
9947
10072
10012
9921
10038
9951
10026
9991
9966
10136
10028
10020
10103
9980
10004
10028
9948
10014
9967
10126
10085
10112
10030
10023
10043
10012
10133
10042
9921
9956
10115
10064
10007
10029
10025
10061
10010
10019
9881
10002
10066
10069
9983
9984
10116
9975
9987
10065
9936
9868
9988
10033
10124
9989
10040
10019
10011
9927
10087
9998
9949
10147
10055
9959
10061
9973
9881
10096
9895
10063
10082
10087
10019
10051
10046
9951
9833
10023
9985
9966
9952
10151
10092
9951
10061
10077
9911
9878
10035
10025
10059
9992
10022
9874
9935
10041
9956
10104
9964
9942
10087
10009
9884
10107
9979
10082
10048
9879
9859
9969
9872
9983
9996
9939
9900
9907
10104
10017
9930
9945
9983
9956
9954
9964
10039
9875
10142
10015
10076
9952
9885
9880
9912
10112
9834
9965
9917
9976
10061
10024
9951
10052
9959
10190
9922
9997
10002
9921
9973
9984
9970
9980
10021
10106
9949
9918
9977
10055
10100
9892
9916
9910
9979
10094
9926
9938
9971
9976
9949
10095
10116
10093
10064
9942
10039
10041
10013
10107
10023
9971
10010
10060
10088
9932
9999
10034
9977
9905
9902
9917
10063
10104
9932
10028
10006
10060
10068
9969
10121
10063
10048
10037
10059
10029
9911
10033
9977
10125
10032
9927
9975
9900
9999
9954
10073
10040
9786
10049
10065
10036
9921
10033
10003
10073
10001
9982
9913
9924
9999
10015
9881
9907
9989
10007
10026
9970
9989
10029
10125
9888
9886
9982
9998
10038
9912
10048
10024
10158
9956
9898
10115
9863
10032
9930
9902
10012
10032
9958
9972
9971
9991
9988
9956
9867
10146
10125
10023
9893
10085
10064
10155
10052
9856
9957
10045
9916
10045
9936
10046
10004
9984
10068
9941
9923
10115
10070
10025
9970
10076
10097
10038
9973
9919
9824
10031
10142
10000
9989
9991
9882
9958
9982
10008
9968
9899
10122
10042
9975
10007
9953
10192
9938
9982
10045
10058
9966
10045
9927
10022
10044
9940
9964
10031
10108
9894
10075
9950
9873
10059
9930
10021
9980
10002
10046
10079
10159
9965
9888
9831
9943
10003
10130
10026
10047
10063
9966
9991
10089
9994
10079
9964
9993
10051
10002
10045
10030
9972
10078
9986
9874
10055
9896
10033
9948
10010
10045
10038
10143
9989
10005
10121
10019
10001
9981
9942
10132
10014
10129
10037
10151
9987
10123
9964
10053
10015
10083
9976
9919
9966
10009
9951
10004
10037
9994
10019
9977
9964
10094
9915
9971
9796
10074
10050
10132
10090
10041
9920
9982
9957
10150
9892
10013
9904
10055
10035
9882
9908
9969
9920
9978
9946
9919
10003
9991
10003
10053
9931
9855
9977
10009
10002
10011
9977
10028
9962
10020
9940
10055
10018
9988
9917
10051
9984
9962
9997
9879
9951
9914
9960
9947
10096
10017
10170
9938
9955
9999
10079
10051
9989
10069
9990
10010
10064
10034
10069
9946
10059
10021
9912
10085
9998
9971
9958
10103
9975
9988
10054
10040
9945
10023
10055
9977
9985
9957
10074
9832
9961
10035
10084
10000
9950
10001
9998
10137
10004
10052
9998
10096
9864
10056
9909
10009
10117
9967
9990
10146
9993
10038
9966
9899
9951
9963
9836
10007
9994
10211
10085
10045
10069
9939
10136
10035
10082
10057
9971
9964
10062
9923
10076
10052
9936
9983
9981
9917
9984
9999
9936
10017
10039
9894
9910
10026
10120
10000
10076
10077
10037
10004
9868
9925
10015
9973
10029
9921
9912
9956
9939
10031
10032
10041
9980
9934
10045
10051
9961
9956
9927
10027
9929
9994
9997
9921
9917
10056
9970
10144
10104
9970
10046
10174
10050
9954
9957
10027
10081
9871
10023
9961
9972
10030
10059
9958
10107
9993
10079
9972
10159
10059
10008
9927
10017
9987
9956
9920
9963
10055
9976
9983
10050
10069
10033
9990
10094
9968
9973
10083
10047
10008
9961
10051
9988
9994
9974
9982
9961
10102
9949
10027
10065
9877
10047
9998
9862
10012
10000
9928
10108
10024
10132
9966
10152
10079
9753
9865
10041
10077
9880
10076
10117
9962
9961
10015
9958
10011
10011
10066
10024
10027
10135
9982
10076
9940
10034
10046
9986
10018
10002
10025
9908
10021
9998
10001
10026
9867
9988
9939
10045
10044
9979
10073
10028
10037
10123
10029
10094
10018
9981
10030
9948
10020
10074
9876
10009
10018
10059
10026
9950
9937
10021
10037
10070
9940
9998
10014
10099
9884
9935
9958
10023
10113
10019
9822
9976
10024
9920
10068
10009
9989
9980
10096
9908
9885
9994
10063
9969
10042
9899
10080
9992
9959
10044
9931
9948
10083
9992
10067
10022
9951
10071
10003
9825
9971
9956
9892
9952
9994
9903
10082
9943
10049
10016
9929
9971
9953
10068
9909
9966
9980
10031
9915
9920
10011
10022
9972
9889
9940
10053
10043
10056
10041
9910
9999
10099
9993
9985
9976
10062
10054
10051
9862
10088
10067
9975
10115
10099
10069
10007
10068
10086
10105
9879
10021
9994
9969
10009
9867
10000
9907
9954
9856
9988
9964
10101
9888
10015
10080
9966
10020
10156
10062
9933
10000
9953
9920
10032
10085
10114
10037
9987
10028
9998
10058
9973
10035
10074
10080
10011
9924
10003
10060
9970
10042
9956
9971
9994
9883
10015
9998
9990
10084
9944
10039
10033
9997
10014
9968
9991
10009
9991
9971
9984
9946
10070
10040
10048
10038
9986
9898
9991
10023
10080
9986
9904
10117
10040
9960
9940
9996
10015
9970
10043
10045
10094
9987
10020
10002
9830
9864
10062
10011
10085
9984
9987
10052
10065
9957
9980
10084
9944
10137
10133
9977
9898
10079
10069
10102
9995
10146
10046
9949
9955
9976
9979
10079
10062
10032
10067
10146
10096
9956
9971
10032
9920
9965
10010
10013
10009
9849
10107
10038
10113
9904
10005
9937
9955
9943
10014
10021
9980
10037
10012
9961
9799
10018
10020
9946
10161
9967
10084
10027
9947
10095
10044
9997
9989
9961
9973
9947
10009
9970
10201
10043
9953
9867
10075
10005
9997
9954
10082
10037
10012
9900
10041
9935
10010
10036
9947
9939
10075
10052
10074
9977
10049
10070
9945
9990
10051
10027
9956
10115
9972
10030
9964
9863
10113
10039
10062
10021
10026
10175
9985
10129
10056
10000
10111
10038
9986
9951
10119
9995
10033
10007
10008
10041
10040
10004
9967
10078
10045
10116
10030
9954
9868
10030
10002
10087
9984
10193
9905
9918
10077
10119
9876
9907
9905
9978
9999
10091
10021
9996
10064
10005
10061
10010
9946
9914
10032
10048
10001
10086
10029
9997
9968
10159
10139
10052
9995
9981
9877
9905
10058
9962
10084
10068
10023
9980
10058
9929
10021
10002
9984
10002
10024
10100
9953
10004
9959
10030
10022
10078
9969
10088
10010
10074
9927
10025
9992
10030
10052
9940
9896
10071
10059
10112
10133
9988
10031
9891
9912
10094
10031
9881
10082
10023
9984
10017
10048
10046
10021
10084
10002
10011
9897
9997
9954
9956
9999
10044
10023
10059
9950
10019
9982
10009
9963
9976
9898
9921
9916
9958
10091
9972
9902
9921
10051
9818
10071
10054
10014
9955
9846
9918
10062
9950
9972
10090
9927
10029
10009
10034
9966
9957
10004
9970
10212
10165
9985
9846
9915
9937
10012
10011
9952
9962
9987
10008
10120
9956
9976
10046
10030
9913
10012
10066
9983
10046
9908
9968
9961
9920
10016
9980
10035
10030
9902
9943
9982
10062
9991
10033
9965
9897
9898
9952
9879
10081
9941
9937
9965
9986
10036
10090
9953
10019
10024
9979
9893
9992
10072
10080
10085
9895
10013
10078
9993
10010
10032
9988
9951
9955
9903
10054
10032
10104
10035
10021
9904
10062
9956
10048
9974
9986
10125
9995
10053
10083
10042
10020
10022
10048
10085
9981
10002
9984
9895
10147
9998
10058
10006
10127
10020
10077
9997
10003
9931
9991
9964
10050
10037
10076
9909
9865
9984
10010
10078
9995
9947
10054
9970
9970
10059
9954
9949
10005
9929
9886
10017
9844
10074
10146
9986
10017
10064
10149
9918
10029
9992
10128
9991
9901
10080
9960
9963
9975
10014
10008
10058
9992
10083
9988
10003
10018
10045
9966
9913
10014
10074
9994
9960
10073
9985
9927
10039
9934
9971
9905
9969
10109
10006
10000
9815
10047
9942
9976
9981
9949
10051
9860
9957
9960
10009
10075
10037
10061
9987
10102
10023
9973
10123
10091
9884
9994
10007
9981
10006
10073
9858
9947
9908
10049
10118
9968
10072
10028
10092
9907
9950
9950
10106
9888
9981
10039
10084
10001
9952
10067
9986
9937
9874
10043
10109
9951
10005
10040
10072
10039
10010
9931
9960
9994
9916
10121
9828
9876
9917
9898
10017
9957
10063
10043
9994
10101
9977
10033
10150
9953
9998
10014
9975
10098
10071
10021
10040
9992
10009
9958
10039
10047
10095
10071
9859
9931
9948
9988
10051
10082
9971
10129
10056
10054
9985
10094
9925
10027
9980
10005
10074
9992
9979
10033
10090
10007
10041
9834
10053
9891
10025
10120
10019
9922
9933
10082
9980
10065
10107
9977
10035
9990
10030
9947
10104
10050
10094
10027
10171
10027
9849
9928
10054
10134
10038
9949
10006
10078
9938
9987
9965
10079
10042
10101
10014
9974
9960
10035
9988
9938
10030
10000
9953
9926
9987
10082
9975
9953
10082
9986
10066
10019
10007
9945
9966
10068
10043
9962
9861
9961
9863
9867
9966
10118
9976
10126
10039
9926
9898
10069
10003
10083
10195
10114
10114
9988
9926
9996
9914
9978
9883
9981
9929
10003
10061
10011
9976
9927
9980
9968
9979
9944
9955
10079
9963
9826
10042
10061
9954
10049
10029
10082
9968
10042
9978
9831
10153
9917
9987
9966
9978
10097
10085
10058
9899
9956
10036
9940
10038
9949
9976
10063
9971
10088
9919
9874
9975
9989
10135
9983
9995
10067
10051
9946
9998
10054
10084
10078
10123
10012
9934
9938
10025
10024
9861
9968
9925
10033
10053
10042
10107
9945
10047
10054
10027
10051
9896
10053
9921
9989
10055
10032
10139
9930
9998
9992
9936
9890
9998
10045
10052
9914
9852
9988
9970
9975
10016
10044
9937
9913
10192
10018
10028
10105
9988
10111
9854
9969
10073
9959
10017
10010
10137
10021
9995
10031
9932
10035
9876
9936
10068
9996
10026
10004
10031
10056
10082
10025
10129
10066
10105
9963
10137
9929
9912
9965
10010
10046
10027
9970
10006
10055
9913
9971
9894
9962
10017
9966
9926
10014
10018
10015
10085
10026
9885
9915
10009
10105
10112
10058
10038
10003
10025
10070
10056
9902
9873
10106
10091
10102
10087
10028
10058
9996
10055
10066
10078
9955
9968
9980
10010
10017
9969
10056
10045
9974
9825
9836
10038
10021
9979
10106
9879
9925
10070
10009
9998
9975
10001
10094
9959
9948
10002
10038
9822
9866
10212
9853
9974
9969
10037
10050
9822
10037
10096
9964
9932
10112
10056
10038
10046
9917
10015
9900
10059
10013
10156
10082
9988
10025
9936
9977
10087
10023
10004
9919
9963
10036
10031
10113
9922
10024
10073
9933
10129
10016
10027
9876
10023
9978
9982
10052
9991
10053
9995
9934
10142
9987
10045
9886
10061
10125
9885
9958
9996
10153
10032
9927
9816
10064
10002
9954
10058
10062
9965
9883
9890
9938
9925
10083
10123
10069
9953
10009
9995
9960
10015
10020
9998
9935
10092
9955
10047
10039
9996
9948
10050
9929
10146
10153
10003
9934
9927
9940
10034
9938
10035
9913
10009
10123
10021
10064
10022
9994
10033
10011
10048
10069
10036
9942
9925
9964
9969
10009
10088
9940
9979
9934
10108
10059
9941
9962
10116
10022
10006
9933
10012
10097
10087
9915
9998
9931
10064
9993
9948
9935
10019
10012
9992
9948
9939
10009
10011
9918
10002
9975
10001
9938
10047
10032
10086
10001
9859
10053
10083
9928
9839
10077
9991
10072
9974
10109
9972
9985
9993
9932
9961
9992
10089
10045
9928
10040
10033
9990
10030
9958
10046
9985
9880
9902
9974
10060
9885
9877
10063
9941
10111
9967
10024
9910
9998
9991
9978
10078
10023
9901
10106
10015
10067
10047
10006
10120
10037
10065
10084
9950
9948
9972
9980
10011
9963
9978
10024
10084
10057
10056
10052
9962
10029
9915
10039
10034
9980
9904
10048
10067
9961
10001
9945
9962
9884
10058
10008
9974
9962
9927
9924
9899
10185
10023
9958
10044
10091
9987
10076
9930
10055
9879
9955
10121
10044
9970
9892
9999
10072
10017
10084
9967
10072
9947
9903
10040
9956
9917
10094
10048
10019
10086
10130
9960
10073
9958
9887
10006
10220
10049
9951
10051
10074
10130
10046
9972
9974
10020
10043
10045
10010
10104
9875
9930
10087
10089
10012
9982
10016
10002
10061
9886
9893
9978
10042
10068
10060
10145
9967
9889
10037
9938
10101
9993
10203
10021
9966
10024
10104
10052
9986
9993
10076
10062
9964
10010
9991
9975
10136
10104
10014
10056
10142
10051
10094
10031
9976
9935
9988
10053
9985
10087
9911
9948
10019
9881
9990
9895
9936
10039
10050
10053
10133
9929
9993
10013
9967
10084
9958
10037
9972
10166
9936
10002
9990
10003
9867
10037
9998
10136
9933
10020
10029
10022
9979
10028
10020
9986
10119
10046
9929
9934
10085
9956
9934
10088
10004
10000
10025
10003
10132
10190
9995
10117
9994
9927
9977
9947
10119
10087
9988
10046
9973
10007
9875
10005
9965
9851
10006
9945
9870
9898
10099
9906
9973
10078
10008
9924
10062
10067
10077
10143
10152
9968
10036
10050
10018
9916
9986
9989
10086
9824
9972
10004
10003
10058
9874
10062
9941
9931
10032
9980
10014
9973
9998
10040
9954
10092
10000
9877
10025
10012
9970
10068
9972
10058
9914
9923
10006
9934
9915
10036
9956
9878
9985
9947
9991
9865
9965
10097
10130
10052
10060
10054
10125
9989
10015
9960
9934
9981
10128
9949
9957
9917
9903
9969
10003
9942
10035
10079
10035
9948
10028
9971
10065
9971
10032
10148
9990
10009
9985
10066
10051
10023
9935
10012
10051
10079
10028
10069
9988
10027
9997
10048
10033
9984
10056
9934
10042
9878
9998
9984
10131
10035
9962
9980
10038
10076
9913
9997
9937
10002
10068
9904
10129
10079
10024
9949
10063
9883
9874
9967
10043
10030
9921
9994
10006
10124
9939
9921
9932
10009
10049
9958
9887
10077
9957
10011
9930
10024
10053
10004
9902
10029
10059
9924
9968
9941
10008
9900
9993
9853
10010
9968
10048
9987
10007
10007
10010
9979
9999
10056
9977
10089
9983
10053
10144
9981
9991
9988
10066
9906
9847
9976
10064
10104
9959
10070
9903
9941
10003
9813
10057
9901
9912
10048
9971
10075
10088
9934
9890
9980
10080
9940
10062
9942
9966
10019
10030
10181
10032
10043
10030
10064
9959
9990
10013
10014
10047
10067
10028
9900
9984
10024
10112
10031
9795
10014
9971
9976
10016
10171
9926
9838
9954
10072
9974
9888
9953
10162
9958
10041
9885
10085
9995
9965
9982
9919
10097
9926
10126
10004
9953
10096
9970
10106
9924
10023
10042
10193
10013
9939
10080
9941
9950
10063
10022
10130
10048
9951
10113
10040
9960
10003
10010
9964
9987
9951
10136
10009
10022
10057
10010
9920
9980
10156
10035
10026
9971
9980
10065
9902
10136
10027
9905
9986
10075
9907
9964
9940
10066
9937
10043
10006
10023
10081
10023
9881
9975
9923
10080
9965
9946
9935
10081
10058
9972
9990
10007
9784
9951
9911
9945
9998
9857
9983
10053
9981
9981
9885
9991
9953
10041
9941
10081
9995
10081
9830
9986
10048
9950
10145
10031
9947
9894
10089
9969
10018
9978
10032
9994
9961
9936
9937
9983
10022
9948
10085
10071
10077
9942
9938
10032
10026
9929
10097
10109
10107
10062
10063
9988
10065
10018
9987
9951
9947
10003
10055
10009
10003
10024
9873
10084
9974
9928
9982
9794
9909
10026
9883
9906
10068
10011
10157
10112
10005
9945
9846
9944
10177
10035
9895
9950
9854
9970
10043
10043
10011
10003
9983
10016
9994
9937
10099
10075
10084
10166
9962
9994
10086
10050
9937
9935
10091
9944
10112
10035
10008
9995
9949
10103
9944
10052
10020
9898
10133
9983
9882
9867
9942
9998
10090
9953
10022
9970
9938
10006
10023
10001
10027
10007
9999
9962
9971
10068
10044
10007
10003
10148
9939
10025
9876
9950
10016
9990
10004
9978
10021
10115
10154
9914
10038
9962
10022
9997
9971
9942
10109
10010
9975
9939
9924
10004
9927
10047
9881
9909
10151
9977
9952
9937
10011
10060
10050
10020
10005
10015
10084
10180
9918
10038
9999
9895
9889
10047
9993
9952
10051
10011
10050
10009
9867
9949
10099
10077
9985
10070
10015
9979
9835
10056
10030
10069
9964
9982
9916
9987
9996
10019
9998
9944
9962
9975
9944
9981
9937
9922
9960
9922
9993
10046
10066
10057
10031
10076
10023
10019
10154
10019
10055
9958
10075
10041
10050
9988
9846
9987
9881
9960
9964
9840
9955
10009
10008
9904
10104
10068
10007
10090
9954
9775
10053
10104
9889
9916
10016
9959
10140
10081
10140
9958
9938
9940
10049
9998
10045
9824
9999
10007
10019
10100
10081
9989
10013
9993
9993
9983
9976
10048
9986
10022
10075
9910
10084
9817
10048
10031
10055
9998
10067
9966
10019
10054
10044
10085
10018
9972
10092
9901
9968
9901
9920
10072
9936
10017
10060
9936
9956
9958
10113
10150
10005
10057
10063
10029
10007
9979
10105
9919
10026
9877
10017
10021
10148
10056
10022
10140
10069
9992
9931
9887
9969
10053
10118
9949
9990
9928
10103
9882
10026
9921
9909
10044
9925
10089
9964
10007
10027
10137
10014
9953
9860
10022
9967
9925
10035
9997
10036
9996
9968
10022
9982
9949
9984
10032
9974
10002
9931
9965
9968
9987
9938
10031
9955
9996
9936
10015
9938
10014
10032
9904
9886
9810
9978
9940
9983
10050
9957
9896
10027
9961
9952
10085
10009
10106
9914
10046
10068
10156
10088
10060
9968
9880
10011
10132
10165
9911
9996
10052
10039
10016
10105
10140
10051
10033
9972
9997
10015
9957
10048
9915
10053
9916
9933
9978
9954
10024
9911
9872
9999
9948
9901
10057
9913
9891
10188
9981
10002
9985
9981
10023
10052
9910
9998
10014
10093
10064
10038
10050
10024
10089
9978
9972
10093
9937
10000
10039
9964
9959
9953
9995
10025
10010
10005
9976
9908
10004
9902
9851
9872
9966
9888
10148
10040
9853
9929
9960
10018
10015
9957
10034
9950
9939
10122
9918
9925
10067
9955
9955
9935
9994
10020
10102
10039
9985
10031
9871
9820
9913
10046
9996
9983
9879
10042
10035
10038
9954
10106
9956
9957
9996
9938
10013
10048
10033
9958
10061
10072
10080
10034
10022
10043
9951
9928
9933
10059
10033
9937
10007
9915
9954
9999
10179
10018
10069
9957
10155
10013
10025
9967
9956
10039
9947
10007
10034
10100
10028
10002
9965
9986
9856
10141
10018
10078
10041
9907
10051
9924
10028
9997
10020
9956
10044
10017
10066
10060
10025
10014
9970
10046
10028
10002
10043
10025
9933
10184
10035
10023
10011
9979
9996
10036
9971
10061
9959
10026
10093
10014
10028
9919
9905
9981
10159
10106
10048
9812
10080
9987
9821
9780
10139
10078
10025
10003
10049
9951
10052
9913
9907
10021
10085
10097
9902
10117
10146
9937
10033
9959
10082
10026
9967
10051
9901
10058
10001
10005
9920
10017
9984
10036
10057
9967
9867
10044
10054
9958
10064
9929
9958
9957
9909
9953
10027
9944
10136
10120
10020
10091
9981
9936
10034
10011
9995
9959
9940
9948
10002
10039
10043
9981
10086
9993
9933
9955
9959
10012
10026
10013
10049
10019
9914
9910
10013
9966
10128
10005
9998
9919
9971
9985
9977
9988
10013
10069
10006
9972
9964
9893
9995
10002
9966
10023
10048
9994
9867
9918
9937
10028
9953
10014
9982
9930
10064
9945
9964
10109
10015
10073
10045
9957
10206
10019
9990
10000
10061
9964
10171
9921
9979
9981
9973
10024
9928
10076
9969
10025
9980
9978
10082
10005
9945
10057
10005
9981
10027
9997
9966
10133
9917
9956
9966
10006
9963
9987
10033
9971
9955
9865
9937
10201
9771
9971
10132
9992
10184
10070
9886
9974
10152
10063
10016
9899
9932
9975
10048
10092
10056
9957
10069
10056
9905
10042
9951
9982
9917
10055
10064
10076
10159
9984
10073
10011
9868
10023
10030
9982
10083
10101
10175
9893
9976
10123
10025
9972
10025
10081
10032
9867
9913
9990
9987
9961
10054
9928
10091
9985
9953
9861
9909
9994
9997
9887
10094
10094
10045
9941
9871
10076
9961
10131
10093
10066
10029
10098
10024
9971
9990
9993
9961
9934
9950
10036
10131
10063
10105
9912
10159
10014
10072
10070
10001
9981
10042
9972
9879
9981
10025
10045
9946
9993
10068
10029
10087
9914
10124
10013
9998
10162
9855
10008
9922
9842
9955
10018
9983
10038
10011
9948
9970
10076
10010
9972
9984
10132
10005
9972
10169
9965
9985
9946
10129
10125
9820
9968
10034
9953
10002
9957
10100
9960
9965
9883
10016
10127
9901
10066
10030
10090
10100
9913
9885
10037
10051
9945
10078
9974
10032
9964
10063
9886
9992
10083
9990
10004
10037
9960
10070
10101
10033
10054
9972
9893
10013
10020
10107
10081
10092
9889
10027
10049
9886
10057
10057
9961
10000
9951
9893
10060
10045
10112
10014
9910
9860
10029
10097
9955
10008
10006
9893
10011
10046
10050
9960
10026
9919
9974
10018
10072
10066
10025
10103
9982
10150
10011
9999
10066
10087
10051
9878
9843
10007
9848
10038
10031
9940
10001
10042
10125
10061
10134
10121
9996
9997
9949
9944
10018
10052
10082
10037
10025
9956
10026
10027
10097
10018
9994
10049
10027
9967
10086
10023
10063
9886
10000
10002
9967
10004
10103
10068
9880
9998
9868
10046
9951
10010
10170
10033
9994
10039
10140
9973
9995
10005
9947
9977
9845
9910
10136
10048
9995
10039
9908
9957
10046
9977
9929
9958
9978
9881
10041
10052
9987
9985
10206
10024
10207
10051
10037
9961
10001
10072
9972
10009
9819
10023
9969
10068
9940
10048
9901
9901
9975
10066
9901
10066
10061
9983
9993
9957
10033
9989
9988
10079
10105
9941
9944
9961
10051
10143
10101
10070
10125
9958
10012
10087
9968
10001
10061
9987
10039
10030
10023
10078
10069
10006
10049
10044
10028
10035
10119
10027
9966
10082
9975
9936
10069
10139
9942
9977
10077
9943
10055
10042
10030
9937
10002
10033
9941
9923
9968
10145
10053
9981
9989
9986
10002
10028
10020
10021
10010
10040
10036
9926
10091
9917
10083
10077
9952
9950
10079
9881
10014
9904
9993
9910
9832
9957
9978
9888
9994
10024
10009
9997
9887
9934
10046
9971
10016
10202
10150
9897
9978
10009
10044
10009
9890
10011
10092
9990
10152
10010
10102
9940
10125
10064
9997
10073
9908
10082
10001
10023
10012
10004
10025
9988
10143
9939
10069
10114
9916
10025
9935
10008
9841
10028
9843
9887
10183
10025
9995
10008
10035
10004
10000
10085
9959
9933
10032
10039
9934
9974
10032
9976
9983
9995
9894
10082
10100
9937
9869
10113
10078
9952
10018
10070
10012
9972
9986
9998
10140
9942
9881
10067
10071
10076
10094
9935
9970
9959
10009
10048
10163
10109
10049
9879
10066
10024
9832
10107
10035
9914
9985
9965
10076
9979
10017
9889
9983
9852
9989
10037
9860
10087
10087
9963
10097
10029
10122
9933
10056
10112
9947
9896
9823
10025
10039
10004
9877
9937
10067
9974
9957
10016
10143
10081
10000
10097
10088
9972
9902
9912
9915
10030
9931
10059
10049
9955
9978
9964
10010
9912
10032
10046
9946
9990
10096
10010
10026
10146
10012
10169
9963
9982
10016
9955
9967
10031
10010
10078
10079
10083
10023
9946
10122
9989
9860
10099
9961
9891
9985
10083
10001
9907
10015
9908
10025
9979
10088
9987
9987
10044
10142
10160
10111
9937
9832
9983
9896
10017
9939
9978
10111
10087
9886
10051
9951
10053
10004
9970
10001
9883
9964
10069
9889
10084
10004
9973
10038
9978
10003
9972
10024
9843
9953
10035
9937
9930
9945
10147
10027
10038
10033
9997
10009
9981
9923
9975
10015
10022
9964
9958
9929
9902
9952
10085
10057
10102
9897
9937
9945
9991
9998
9947
9893
9917
9919
10019
10151
10053
10054
10034
10020
10066
10106
9948
10018
9911
10021
10083
9930
10004
10021
9918
10049
10089
9998
10065
9947
9925
9958
10035
10027
10029
10075
9982
10026
10075
10028
9962
9906
10040
10047
10037
9845
9981
9981
9924
10152
9973
10134
10039
9942
9954
10051
9941
9906
9971
10158
10007
10099
10112
9967
9986
10015
10072
9996
9988
9909
9915
10116
9974
10082
9984
9997
10062
10034
9963
9933
9918
10047
10038
10019
10088
10031
10006
10124
9944
10003
10036
9999
9955
10065
10075
10007
10011
9940
10078
10197
10022
10050
9880
9883
10010
10080
10052
9947
9949
9977
9879
10003
10055
10045
10154
10100
10037
10046
9972
9950
9947
9996
9990
9929
10127
9907
10196
10041
10092
9978
10020
10033
9945
10027
9990
10049
9955
10015
9960
10050
10098
9899
9976
10031
10072
10120
10104
10121
10030
9851
10066
10105
10229
9929
9863
9895
9950
9887
9990
9878
10011
10069
10028
10093
9898
10035
9902
10096
10111
10144
10049
9984
9983
10027
10010
9934
9968
10072
10004
10084
9947
10175
10017
10044
9921
9987
9852
9957
10006
10047
10004
9954
10005
9922
10132
9986
9926
9858
10101
9943
10024
10080
10133
10013
10012
9938
10013
9907
9871
9964
10013
9938
10026
9950
10010
10013
9979
9958
10089
9984
9893
9966
10039
9984
10000
9934
9997
9946
10079
9953
9946
10029
10138
10026
9990
10123
9984
9916
10007
9883
9974
10065
10040
9842
10031
10033
10096
10000
10084
9941
9939
9888
10021
9933
9989
9883
9836
9923
10099
9756
9925
10089
10033
10067
9852
10046
9927
9990
9921
9868
9988
10061
9957
9899
10039
10103
9974
10085
9973
10019
10121
10048
9938
9976
9887
10028
10008
9979
10060
10064
10027
9965
9951
9995
10047
9937
10016
9814
9976
9956
9965
9953
10135
10098
9952
10054
9871
9924
9992
10018
10133
9969
9993
10010
9985
10074
9968
10101
10067
9984
9830
9986
9949
9982
9822
10028
9964
9994
10023
9849
9938
10057
10040
10130
9948
10153
10074
10027
10068
10009
9944
10022
9988
10098
9851
10046
10022
10142
9982
10026
10045
9979
9905
9933
9971
10031
10075
10025
10016
9917
9937
9945
10006
9983
10134
9885
10035
9866
9963
10149
10019
9988
10041
10135
9963
9915
10021
9986
10052
10025
9979
10043
9988
10130
9978
10146
10074
9848
10025
10042
10051
9964
10060
10020
9948
9997
9915
9934
10017
10039
9886
9950
9995
10068
10105
10064
10011
10040
9937
10022
9853
10012
9960
10050
9951
10046
10050
9850
10165
10207
9992
10064
9947
10102
10122
10000
10127
9957
10087
10083
9953
10088
9968
9983
9948
10038
10050
10104
9948
10063
10041
9939
9948
9992
10009
9996
10111
10102
10055
10055
10105
10038
10041
10021
9971
9970
10073
10028
9997
10054
10011
9960
10092
9978
10045
10021
10070
10044
10148
9916
10088
9993
9987
9988
10026
9917
9922
10122
10037
10009
9925
9961
9948
10079
10047
9957
9991
9953
9952
10000
9916
9981
10129
10009
9958
10034
10001
9906
10025
10020
10050
9990
10088
10025
10025
9962
10021
10076
10090
10043
9978
10058
9860
10058
10009
9949
9939
10116
9936
10104
10033
9895
10013
10077
10019
10049
9989
9960
10067
10005
10021
10083
10140
10044
10053
10075
10042
10082
9987
10040
10077
9947
10024
10080
9986
10037
10116
9898
10033
10023
10053
9922
10050
10085
10024
10032
10019
9956
9990
10074
9967
10096
10129
9941
10102
10061
9953
9981
9900
9986
10108
9880
9997
10080
9988
9953
10073
9942
10068
10074
9960
10121
9942
9973
9915
10082
10000
10015
9973
9967
9907
9909
9926
9986
10019
9997
10067
9988
9992
9971
10007
10016
9946
10008
9964
9962
9993
10090
10002
10127
9952
9920
10037
9969
9964
10049
10048
9981
9922
10031
10020
9913
9893
10153
9942
10046
9939
9959
10111
10089
9875
9859
9977
9923
9964
9974
9965
9938
10004
9899
9979
9915
10119
10025
10046
9888
10051
9993
9907
9982
10008
10113
9974
9939
9958
9988
10113
9884
9923
10011
9958
9910
10069
9961
10019
10034
9944
9878
10021
10067
9955
10078
9983
10026
10073
10029
10004
10062
10118
9984
10170
10061
10168
9902
9983
10061
10072
10040
10031
9847
10121
10064
10079
9956
10050
9889
10022
9986
10120
9998
10019
9994
10081
9930
9980
10027
9988
10164
9969
9959
10120
10042
10156
9974
10008
9976
9939
10006
10016
10165
10121
9912
9987
10000
9852
10105
9950
10030
9957
10126
10023
10057
10097
9836
