10667
10651
10459
10612
10692
10617
10706
10529
10474
10577
10609
10506
10582
10601
10636
10543
10569
10615
10682
10546
10691
10559
10535
10625
10499
10616
10703
10597
10599
10629
10441
10571
10575
10462
10578
10661
10608
10633
10471
10534
10729
10648
10682
10670
10603
10576
10548
10561
10717
10521
10501
10570
10577
10590
10489
10643
10565
10702
10604
10606
10630
10644
10585
10583
10621
10444
10530
10530
10623
10606
10535
10613
10598
10683
10636
10625
10737
10609
10585
10580
10583
10628
10678
10664
10531
10597
10572
10585
10534
10437
10712
10724
10750
10630
10488
10464
10562
10613
10544
10669
10534
10758
10568
10562
10614
10595
10493
10661
10545
10544
10643
10545
10632
10631
10691
10633
10493
10639
10600
10599
10579
10552
10592
10517
10520
10476
10629
10695
10712
10551
10546
10768
10667
10616
10528
10498
10520
10603
10608
10576
10603
10647
10546
10615
10529
10628
10639
10588
10581
10615
10701
10724
10644
10635
10567
10619
10664
10619
10547
10545
10597
10641
10639
10481
10726
10634
10498
10514
10502
10542
10468
10607
10622
10605
10493
10552
10783
10608
10612
10663
10655
10705
10691
10684
10550
10554
10614
10636
10547
10681
10403
10622
10655
10433
10620
10556
10630
10549
10483
10533
10654
10560
10726
10668
10617
10710
10614
10610
10571
10522
10519
10660
10685
10555
10582
10487
10553
10501
10570
10530
10596
10558
10654
10656
10564
10713
10568
10590
10503
10585
10467
10435
10612
10775
10667
10619
10634
10630
10612
10595
10623
10560
10604
10468
10597
10755
10574
10698
10663
10583
10569
10572
10698
10788
10546
10637
10526
10516
10469
10586
10627
10610
10610
10609
10588
10587
10578
10702
10579
10664
10629
10465
10492
10518
10664
10625
10630
10613
10527
10643
10638
10651
10538
10635
10754
10500
10552
10590
10765
10518
10547
10621
10571
10490
10671
10512
10472
10743
10631
10676
10588
10713
10511
10662
10463
10618
10574
10626
10679
10749
10628
10555
10620
10608
10605
10573
10626
10643
10569
10821
10712
10608
10543
10611
10576
10600
10627
10592
10599
10587
10692
10644
10616
10686
10422
10729
10575
10619
10660
10496
10669
10695
10574
10667
10703
10513
10556
10583
10555
10485
10753
10610
10650
10525
10676
10608
10571
10613
10586
10608
10557
10540
10579
10575
10585
10531
10632
10661
10594
10643
10600
10556
10504
10599
10551
10645
10619
10557
10664
10516
10604
10605
10565
10677
10634
10508
10529
10525
10621
10550
10427
10493
10661
10524
10568
10538
10599
10610
10572
10553
10751
10593
10637
10576
10562
10618
10552
10677
10608
10513
10609
10470
10682
10564
10702
10603
10617
10598
10679
10707
10546
10509
10602
10670
10584
10517
10655
10465
10574
10794
10650
10590
10605
10603
10605
10622
10527
10648
10680
10618
10613
10635
10652
10578
10503
10822
10539
10564
10697
10634
10599
10642
10602
10534
10602
10639
10724
10555
10650
10628
10583
10592
10517
10555
10556
10574
10521
10511
10764
10644
10565
10648
10586
10589
10668
10484
10582
10531
10510
10727
10528
10638
10508
10665
10460
10697
10598
10559
10594
10647
10669
10599
10592
10609
10701
10613
10724
10645
10519
10602
10623
10458
10628
10518
10549
10523
10502
10745
10553
10684
10611
10618
10582
10655
10518
10552
10590
10562
10651
10512
10584
10582
10469
10549
10588
10589
10669
10711
10595
10521
10610
10625
10465
10560
10602
10557
10562
10607
10650
10580
10649
10639
10598
10594
10570
10557
10666
10574
10630
10748
10588
10453
10703
10593
10625
10534
10596
10595
10717
10509
10571
10645
10644
10530
10681
10554
10528
10442
10557
10605
10543
10538
10778
10582
10543
10578
10628
10431
10670
10576
10672
10685
10628
10684
10706
10624
10669
10532
10583
10480
10603
10600
10565
10691
10560
10650
10686
10605
10656
10565
10462
10703
10541
10559
10515
10673
10651
10651
10671
10477
10500
10526
10672
10671
10546
10579
10651
10644
10602
10573
10600
10630
10578
10622
10507
10583
10620
10623
10522
10550
10539
10626
10649
10560
10657
10521
10679
10546
10667
10568
10725
10653
10600
10704
10570
10577
10686
10647
10588
10646
10564
10616
10543
10572
10569
10549
10679
10556
10534
10689
10572
10551
10563
10624
10612
10652
10638
10567
10503
10500
10657
10656
10595
10564
10627
10561
10668
10532
10555
10597
10585
10588
10643
10639
10540
10536
10523
10612
10650
10643
10654
10584
10569
10576
10575
10693
10618
10595
10572
10615
10567
10526
10679
10626
10656
10520
10588
10537
10612
10668
10513
10596
10545
10440
10667
10637
10546
10706
10598
10571
10551
10551
10671
10552
10484
10559
10776
10531
10470
10668
10744
10638
10671
10753
10580
10571
10511
10569
10524
10523
10637
10575
10675
10509
10711
10669
10670
10654
10588
10593
10653
10568
10590
10644
10653
10710
10671
10747
10688
10618
10611
10541
10629
10647
10617
10603
10566
10772
10603
10580
10647
10637
10661
10563
10652
10515
10552
10738
10689
10497
10449
10729
10573
10639
10703
10619
10530
10540
10626
10555
10625
10650
10515
10685
10551
10614
10585
10604
10652
10479
10722
10630
10675
10582
10578
10549
10726
10676
10592
10532
10631
10595
10584
10639
10640
10600
10545
10543
10724
10689
10616
10699
10632
10585
10576
10546
10689
10678
10617
10611
10617
10641
10572
10547
10582
10624
10544
10484
10585
10583
10667
10610
10685
10588
10621
10548
10492
10637
10537
10588
10638
10706
10619
10715
10691
10681
10733
10542
10629
10576
10612
10571
10456
10634
10686
10546
10662
10470
10472
10544
10598
10542
10532
10565
10535
10621
10645
10589
10668
10527
10676
10595
10460
10595
10516
10579
10553
10617
10682
10581
10679
10575
10592
10673
10634
10612
10709
10508
10564
10547
10555
10602
10645
10465
10633
10593
10482
10464
10458
10700
10624
10690
10713
10587
10629
10586
10539
10673
10601
10471
10680
10534
10592
10544
10545
10598
10601
10732
10565
10651
10705
10613
10642
10696
10525
10594
10518
10617
10556
10637
10498
10662
10666
10632
10807
10666
10598
10635
10720
10561
10752
10549
10584
10676
10512
10534
10593
10496
10558
10691
10612
10662
10587
10510
10581
10577
10490
10600
10541
10661
10556
10541
10687
10617
10629
10526
10529
10659
10514
10597
10710
10651
10533
10527
10671
10633
10593
10651
10799
10549
10547
10536
10637
10430
10722
10665
10609
10589
10623
10643
