10454
10465
10397
10448
10440
10531
10484
10361
10449
10531
10495
10456
10431
10504
10459
10543
10487
10424
10474
10467
10583
10505
10455
10515
10466
10562
10495
10476
10507
10473
10494
10436
10454
10497
10404
10367
10398
10452
10489
10571
10414
10456
10476
10553
10590
10518
10603
10512
10464
10515
10425
10608
10422
10498
10496
10444
10517
10335
10483
10532
10501
10543
10394
10514
10380
10571
10554
10463
10493
10528
10427
10340
10468
10567
10509
10568
10403
10468
10444
10363
10503
10432
10455
10473
10440
10493
10450
10492
10393
10477
10535
10634
10505
10449
10627
10613
10500
10439
10544
10479
10513
10550
10552
10456
10462
10393
10392
10550
10549
10567
10513
10555
10571
10534
10450
10459
10542
10453
10348
10408
10519
10379
10559
10604
10440
10577
10434
10504
10490
10545
10519
10355
10437
10340
10467
10446
10607
10367
10398
10332
10496
10398
10472
10499
10449
10458
10414
10423
10465
10457
10478
10421
10443
10597
10447
10513
10547
10503
10465
10444
10434
10508
10398
10449
10589
10495
10391
10516
10533
10535
10467
10500
10426
10326
10538
10348
10473
10427
10378
10439
10547
10549
10494
10447
10495
10476
10332
10401
10485
10440
10651
10414
10539
10404
10416
10524
10583
10434
10376
10501
10469
10628
10452
10625
10479
10502
10353
10433
10345
10521
10402
10418
10494
10499
10429
10495
10455
10432
10426
10474
10510
10437
10523
10488
10567
10541
10524
10547
10440
10504
10397
10414
10579
10456
10566
10619
10432
10483
10467
10528
10467
10488
10361
10507
10494
10556
10541
10448
10517
10416
10425
10552
10470
10488
10397
10506
10432
10536
10593
10516
10426
10478
10490
10480
10360
10414
10548
10539
10412
10642
10481
10455
10516
10506
10500
10459
10588
10407
10398
10543
10560
10408
10475
10410
10620
10519
10455
10360
10358
10327
10479
10497
10426
10410
10469
10471
10463
10601
10555
10491
10456
10401
10319
10382
10663
10598
10517
10564
10457
10482
10544
10536
10533
10494
10475
10515
10547
10528
10465
10468
10537
10317
10484
10510
10569
10423
10385
10530
10439
10415
10508
10509
10380
10484
10553
10510
10450
10625
10504
10445
10524
10450
10548
10388
10417
10511
10505
10445
10563
10443
10468
10531
10536
10516
10333
10472
10526
10513
10369
10604
10432
10508
10565
10415
10478
10461
10517
10488
10480
10445
10545
10579
10507
10577
10580
10480
10423
10571
10328
10527
10450
10414
10459
10661
10401
10492
10449
10517
10572
10467
10402
10513
10470
10447
10560
10515
10491
10439
10523
10391
10528
10403
10483
10407
10538
10453
10719
10476
10364
10382
10502
10562
10522
10447
10444
10370
10510
10529
10397
10487
10396
10431
10547
10342
10428
10490
10506
10424
10529
10478
10390
10380
10432
10486
10440
10410
10386
10443
10330
10452
10549
10424
10428
10538
10478
10501
10520
10572
10428
10462
10520
10651
10510
10394
10576
10446
10440
10497
10392
10457
10379
10436
10472
10603
10381
10498
10430
10442
10513
10432
10434
10647
10356
10550
10517
10552
10367
10457
10580
10467
10433
10543
10459
10549
10439
10367
10357
10346
10427
10543
10419
10470
10548
10569
10423
10498
10485
10416
10580
10558
10615
10531
10471
10499
10582
10393
10543
10561
10458
10371
10442
10316
10421
10472
10513
10396
10524
10385
10567
10425
10438
10391
10414
10452
10475
10459
10487
10478
10484
10536
10431
10381
10391
10451
10465
10565
10442
10509
10559
10345
10508
10406
10426
10602
10446
10478
10459
10515
10527
10472
10400
10392
10444
10435
10471
10493
10507
10571
10472
10511
10378
10454
10581
10447
10362
10664
10497
10538
10371
10306
10372
10630
10457
10521
10549
10504
10539
10481
10528
10533
10592
10384
10433
10411
10559
10511
10629
10440
10461
10478
10547
10444
10528
10454
10569
10376
10502
10505
10444
10468
10444
10511
10513
10502
10523
10428
10619
10495
10607
10480
10443
10556
10517
10477
10579
10507
10585
10562
10625
10425
10501
10546
10573
10668
10417
10616
10407
10460
10474
10433
10494
10459
10392
10459
10599
10416
10531
10516
10478
10596
10456
10492
10355
10459
10453
10426
10543
10469
10464
10579
10575
10548
10428
10516
10520
10537
10391
10474
10362
10434
10371
10462
10406
10454
10394
10483
10486
10399
10554
10508
10495
10503
10464
10501
10513
10419
10475
10493
10498
10612
10436
10526
10624
10472
10533
10417
10440
10566
10344
10521
10481
10462
10466
10455
10435
10524
10430
10540
10382
10536
10540
10482
10513
10503
10368
10533
10538
10508
10479
10591
10481
10513
10510
10503
10487
10413
10455
10480
10490
10526
10520
10390
10452
10440
10481
10437
10617
10454
10421
10475
10452
10495
10476
10571
10480
10540
10401
10543
10584
10528
10559
10481
10493
10480
10527
10621
10493
10523
10453
10570
10490
10392
10435
10552
10513
10405
10443
10534
10427
10614
10464
10532
10512
10378
10519
10493
10600
10516
10617
10524
10503
10579
10414
10436
10404
10490
10501
10454
10496
10377
10359
10420
10408
10407
10487
10460
10494
10495
10541
10561
10563
10560
10619
10450
10557
10428
10569
10598
10445
10596
10479
10428
10442
10396
10488
10470
10472
10414
10380
10463
10337
10470
10445
10474
10449
10534
10519
10541
10462
10456
10484
10455
10533
10340
10513
10477
10525
10435
10439
10469
10553
10400
10401
10495
10431
10390
10527
10492
10466
10483
10527
10496
10405
10386
10514
10434
10497
10422
10520
10573
10413
10402
10457
10564
10532
10441
10492
10467
10603
10467
10492
10517
10536
10578
10530
10364
10501
10366
10369
10655
10439
10383
10599
10333
10502
10376
10454
10388
10432
10447
10437
10462
10483
10435
10521
10411
10533
10601
10463
10582
10379
10529
10448
10508
10416
10411
10475
10548
10456
10464
10495
10482
10492
10458
10553
10509
10498
10640
10601
10445
10495
10490
10569
10555
10461
10411
10415
10395
10351
10475
10502
10532
10496
10453
10543
10487
10558
10479
10520
10490
10529
10390
10445
10525
10452
10442
10453
10483
10481
10436
10448
10497
10501
10488
10431
10415
10518
10476
10575
10534
10487
10351
10584
10463
10475
10437
10400
10465
10533
10487
10615
10352
10492
10450
10506
10543
10578
10600
10438
10306
10532
10441
10542
10523
10504
10392
10562
10496
10552
10483
10451
10408
10534
10637
10495
10536
10377
10572
10530
10550
10528
10475
10553
10495
10559
10409
10428
10370
10584
10548
