694
705
679
706
711
697
705
699
683
687
695
701
703
697
688
708
689
695
696
684
697
696
704
679
689
687
685
701
693
695
711
696
689
703
702
705
699
697
718
687
699
693
694
675
690
689
679
699
685
689
712
693
703
707
697
702
707
689
703
676
680
681
696
695
700
712
688
707
701
701
698
696
698
704
720
710
688
696
701
706
690
687
690
701
713
683
689
681
690
707
697
702
687
694
699
690
698
693
704
688
695
702
698
701
694
692
691
695
695
704
690
685
695
694
697
703
697
704
697
693
708
706
702
697
685
700
703
696
676
696
684
682
695
701
704
685
696
711
701
679
700
691
700
690
691
684
694
683
700
699
713
704
704
712
695
691
685
694
710
701
704
701
690
694
699
691
695
688
691
695
699
699
692
693
699
713
692
686
701
695
687
684
697
695
700
705
726
701
688
694
694
683
692
692
692
693
686
704
700
689
696
703
704
697
697
706
686
711
688
702
690
697
692
682
697
696
701
683
702
701
691
686
707
691
687
695
689
711
708
693
692
692
699
705
691
688
703
694
686
713
705
701
689
682
698
701
709
690
702
696
680
693
717
704
707
701
686
697
704
723
683
692
704
685
696
700
709
690
695
696
692
712
696
682
674
698
697
692
703
703
715
695
699
711
698
694
698
717
699
708
686
697
692
697
711
696
699
701
688
688
697
698
702
700
703
700
705
686
708
693
691
690
710
684
696
697
685
684
703
697
686
703
700
679
698
685
695
695
696
700
697
687
693
710
689
693
701
699
698
706
697
701
704
693
705
704
695
704
686
696
699
695
700
704
700
696
695
699
694
717
684
725
701
707
693
708
701
697
699
703
709
693
696
696
701
693
685
706
683
699
695
696
710
694
692
697
695
706
691
686
700
696
700
698
707
705
699
688
689
697
722
694
699
696
710
701
701
693
685
693
706
693
711
681
700
691
691
692
709
694
696
686
682
692
682
710
708
702
698
700
712
690
694
686
700
714
697
696
693
706
713
708
701
696
697
692
695
694
692
698
690
698
694
707
696
702
701
704
693
695
687
690
699
701
692
687
707
700
713
701
699
706
711
695
688
704
697
702
686
684
705
704
699
685
711
701
685
680
683
688
707
693
705
683
694
702
705
679
700
694
688
691
703
697
704
689
696
705
712
709
697
696
711
704
687
701
692
691
689
708
700
693
700
706
685
691
710
690
699
706
694
711
697
699
696
701
697
702
685
699
685
692
692
720
697
692
707
688
685
697
699
707
704
684
693
709
696
703
689
683
685
695
698
707
699
695
704
685
688
697
687
688
692
698
716
707
699
684
692
712
711
681
700
701
695
690
713
705
685
700
686
703
725
703
705
707
701
702
697
701
703
683
694
683
700
702
695
686
690
704
680
691
699
706
693
704
713
691
686
702
706
682
684
693
687
690
700
701
697
707
700
683
692
706
681
698
693
699
703
695
693
690
695
691
698
699
693
704
692
714
694
685
708
690
712
683
699
701
697
685
694
709
704
693
691
680
699
711
692
698
682
714
676
696
685
691
692
712
694
703
696
698
692
679
696
700
697
698
690
706
688
692
693
706
695
708
694
679
683
694
702
700
702
693
697
692
688
688
693
704
705
681
702
714
712
692
695
693
693
687
698
709
679
698
682
703
697
703
692
686
694
700
690
690
683
678
697
687
710
678
693
704
689
693
693
685
682
696
682
691
712
695
705
681
701
701
682
698
694
688
707
702
703
711
702
699
709
705
717
679
713
701
704
690
702
706
706
702
705
685
695
696
709
692
696
700
706
691
704
704
707
699
694
689
704
695
704
693
692
710
688
679
689
695
708
681
702
704
689
696
694
698
706
694
714
707
696
695
700
687
686
694
698
702
684
699
694
697
702
684
699
686
699
713
711
698
693
690
692
693
694
710
684
703
690
703
694
688
685
700
695
707
696
697
706
701
699
699
696
698
703
701
706
707
702
692
702
703
696
694
690
703
694
679
701
702
692
677
702
692
703
691
687
687
687
696
699
689
717
679
697
690
705
703
698
684
691
690
692
715
701
705
679
723
696
707
702
710
715
685
700
690
696
692
702
705
700
710
685
704
697
685
696
696
700
698
690
686
701
690
681
684
706
705
682
711
691
697
690
703
692
704
699
689
707
693
697
691
703
681
696
695
680
677
699
696
708
688
685
715
695
695
700
696
692
700
702
698
690
690
694
698
712
700
704
686
699
693
709
694
693
694
709
709
694
699
714
696
701
701
682
708
700
697
683
693
703
697
687
704