694
699
710
695
705
708
694
691
699
690
698
700
703
703
684
700
698
707
695
703
687
685
700
700
703
700
697
695
683
695
692
705
706
691
704
683
683
681
696
694
693
693
696
696
693
695
691
678
698
692
693
700
694
684
693
707
687
693
698
685
690
691
703
696
697
707
696
701
688
682
686
703
699
689
708
703
686
677
696
702
699
700
701
696
693
693
697
699
689
693
697
691
681
700
694
697
714
695
685
698
699
693
701
713
688
692
700
696
696
705
710
698
694
699
680
693
686
698
688
684
701
686
681
695
704
686
696
688
701
710
696
689
710
704
699
688
691
710
695
705
697
696
708
702
698
690
702
693
697
702
697
693
685
697
699
691
688
703
677
699
688
683
697
697
696
709
676
695
700
686
691
700
683
682
690
700
683
698
699
702
696
695
693
698
690
702
684
689
697
695
711
701
688
683
698
695
695
706
704
696
703
704
696
701
689
701
693
695
689
700
696
702
689
678
703
685
693
710
701
706
689
716
697
688
694
704
693
698
696
711
692
681
689
694
695
708
702
688
691
706
695
710
699
696
695
702
704
698
684
699
695
694
702
701
687
693
692
686
688
690
682
692
719
697
696
693
691
711
688
692
700
704
693
691
696
695
685
703
696
704
711
691
700
693
693
685
712
707
686
691
695
703
694
706
677
695
692
695
703
696
684
691
698
695
684
703
702
683
692
692
700
683
701
687
697
705
700
697
693
706
707
688
698
688
683
707
691
698
700
680
711
690
702
687
697
686
692
700
692
681
706
698
702
704
690
680
690
694
690
712
692
696
703
685
691
691
686
699
701
707
693
703
695
684
692
709
691
700
706
684
694
700
685
689
694
700
701
690
704
696
705
700
701
692
686
699
689
700
690
684
707
679
704
691
699
665
695
683
704
708
697
698
700
698
700
699
696
700
691
700
681
703
690
695
694
696
690
715
685
707
702
700
699
691
701
691
696
681
688
688
687
690
699
698
687
694
686
696
701
691
710
708
698
697
689
688
694
688
691
710
679
684
706
695
709
709
685
697
700
692
680
698
685
697
697
707
696
686
719
701
685
687
707
692
692
700
678
714
695
686
703
702
684
688
691
696
689
696
694
683
695
699
669
694
698
682
708
689
684
698
695
690
698
690
699
688
680
681
698
695
690
685
697
698
721
701
694
689
702
704
695
673
682
683
696
705
681
684
711
706
701
686
690
684
705
702
709
691
701
697
709
690
696
707
692
691
707
706
687
695
689
682
700
693
710
689
686
691
688
673
701
703
691
679
704
684
701
687
673
703
694
687
699
709
697
703
699
699
682
713
709
690
675
694
678
687
691
690
690
709
686
693
700
695
687
686
693
691
707
687
705
705
677
708
711
691
694
714
700
699
690
706
691
688
715
689
698
705
699
695
678
695
719
710
677
701
691
700
700
686
685
705
701
706
710
697
686
707
695
705
689
693
697
704
686
690
704
693
693
695
681
704
692
691
694
710
699
684
695
675
692
699
697
687
700
699
682
697
700
693
692
700
705
707
708
696
712
697
691
690
703
693
703
700
682
702
708
686
710
696
680
704
692
703
692
701
699
702
708
701
687
710
679
690
713
696
704
698
712
714
680
703
708
677
691
701
706
703
689
696
689
693
707
694
675
696
682
693
698
693
703
687
702
689
697
693
706
677
699
690
705
693
696
683
698
679
687
706
711
695
704
698
692
696
690
691
690
685
703
695
695
689
701
714
700
718
705
700
684
696
683
697
702
686
687
694
682
702
705
711
711
698
688
699
698
704
692
689
685
712
692
691
707
694
690
704
721
699
697
701
702
685
702
696
692
707
694
690
697
693
693
707
687
691
703
695
703
679
703
702
677
692
693
682
691
685
690
691
691
681
679
700
718
697
686
701
689
696
685
684
692
702
700
681
693
698
699
690
701
707
692
685
710
702
686
667
686
698
691
704
681
712
705
712
675
695
700
697
702
685
684
691
694
707
705
690
705
686
705
704
701
694
728
694
706
698
692
715
709
693
684
692
693
698
699
707
697
691
692
696
686
685
691
695
697
703
695
680
702
693
702
692
678
714
703
706
694
703
699
693
689
693
680
698
700
716
705
692
697
692
697
686
699
691
690
692
699
677
701
702
706
696
691
683
703
679
706
691
713
701
685
690
680
714
696
701
688
694
699
681
697
706
694
699
692
696
685
690
684
670
702
699
713
683
700
680
698
696
679
713
684
692
676
707
696
695
697
704
692
694
701
687
694
703
689
691
706
698
691
709