702
708
700
714
722
704
714
710
704
700
705
709
709
704
701
717
698
709
699
689
706
707
712
692
704
695
695
709
701
703
724
708
695
708
709
714
705
700
727
699
705
705
704
690
697
699
694
703
701
696
725
698
712
717
710
707
712
702
709
690
691
698
701
705
713
722
701
709
709
704
709
702
706
712
727
716
701
704
708
715
696
694
703
708
716
689
704
693
700
718
707
708
698
705
716
704
708
700
709
708
698
706
708
705
708
702
699
709
696
712
701
693
700
699
705
711
701
714
703
704
713
716
710
710
699
706
715
706
687
704
695
698
709
717
709
696
702
718
708
698
709
701
704
702
694
693
704
692
703
706
715
716
712
726
703
701
697
712
711
706
713
715
702
702
711
699
706
700
693
702
707
710
697
700
705
718
699
693
705
695
692
695
700
707
706
711
728
710
697
706
704
695
694
702
706
702
700
706
706
701
710
712
709
701
702
709
691
717
700
711
707
701
706
692
708
705
717
694
709
704
706
690
715
704
694
701
708
722
712
700
701
693
712
711
699
691
708
699
690
720
706
707
695
694
703
706
717
692
716
704
691
698
722
719
712
711
692
708
716
730
696
707
711
709
702
706
719
704
708
704
702
715
703
698
685
707
705
700
712
708
720
703
715
716
707
706
712
719
701
715
695
702
699
715
715
703
709
709
698
693
702
707
714
707
713
711
712
691
713
701
707
700
717
698
707
704
688
691
707
707
695
708
704
687
702
696
700
709
701
708
701
703
699
721
699
703
713
704
705
711
704
713
708
701
709
706
701
708
696
708
705
705
712
709
706
707
702
703
708
725
688
730
707
712
706
714
707
704
709
706
717
698
706
710
712
698
701
714
687
704
703
699
712
706
700
700
710
710
705
694
711
701
710
704
712
721
708
696
703
703
730
694
711
705
719
717
713
702
693
695
714
700
718
686
706
699
698
704
715
698
706
700
702
696
693
712
717
708
702
706
716
698
698
693
708
725
708
703
701
710
720
716
709
704
710
707
707
700
699
707
692
717
707
716
702
713
710
717
696
698
695
708
710
708
706
701
711
711
724
711
707
715
714
706
698
709
699
705
690
694
714
710
712
699
717
717
694
686
695
694
711
707
716
696
706
707
713
689
712
701
706
698
712
700
709
698
708
711
718
715
702
707
718
713
703
707
703
701
707
717
707
702
708
708
699
704
718
700
702
709
705
715
708
704
708
705
705
712
698
706
692
702
699
723
706
696
716
693
694
704
702
709
706
700
697
714
710
712
697
691
692
704
707
714
711
704
712
687
695
707
703
696
705
704
725
721
707
690
698
718
717
696
717
707
702
707
717
715
699
701
703
711
729
707
714
720
707
706
706
704
710
692
701
694
713
710
705
699
697
715
688
699
713
712
704
711
719
696
700
709
709
694
688
699
690
708
708
708
704
712
709
694
703
713
684
708
700
705
707
701
701
696
702
704
710
708
700
716
700
716
701
693
714
700
728
692
707
711
704
703
696
718
712
702
697
694
707
712
701
710
690
718
690
711
694
699
701
720
707
712
702
712
699
695
710
704
703
699
701
712
692
705
697
714
707
712
711
684
696
702
710
709
709
695
702
702
698
692
704
706
723
707
705
718
717
703
702
703
709
698
707
719
693
713
691
712
705
716
705
689
701
715
700
708
696
688
710
700
715
689
709
711
701
703
706
693
688
701
689
705
716
704
719
691
709
715
694
707
706
695
715
709
714
716
708
711
716
710
719
686
718
710
709
704
709
711
717
703
713
692
705
703
709
700
708
708
713
703
709
708
715
712
709
700
713
701
713
701
706
713
696
687
696
705
716
692
715
718
698
702
696
704
715
698
724
716
706
710
711
693
697
704
706
705
697
709
701
701
708
688
706
690
705
716
714
712
701
695
710
703
696
714
689
710
693
712
703
692
691
706
700
715
700
707
720
714
707
707
704
709
711
712
710
714
714
702
709
714
704
712
706
714
705
691
710
705
704
685
706
696
708
706
701
699
702
700
708
690
717
691
714
698
716
706
703
698
706
703
706
720
712
712
691
730
702
719
715
717
717
694
708
698
702
694
707
719
716
715
695
715
697
692
712
703
712
706
694
695
706
693
700
692
712
706
699
715
695
698
705
711
699
707
709
697
716
709
708
698
706
688
710
704
691
691
706
702
710
704
695
723
701
701
706
708
697
716
712
703
700
701
699
710
714
707
709
695
710
708
713
704
708
701
717
716
702
704
723
702
719
708
693
712
706
709
700
704
715
700
700
717
