1762
1730
1748
1742
1708
1698
1756
1788
1710
1736
1776
1710
1720
1726
1730
1718
1750
1746
1785
1794
1736
1756
1754
1780
1780
1734
1738
1708
1714
1776
1746
1810
1740
1756
1750
1688
1746
1752
1742
1746
1740
1712
1724
1770
1729
1791
1694
1718
1754
1720
1700
1822
1720
1754
1782
1739
1762
1748
1806
1734
1774
1682
1740
1732
1738
1776
1734
1738
1722
1766
1738
1758
1766
1738
1756
1788
1744
1776
1712
1786
1782
1812
1802
1764
1774
1740
1723
1778
1714
1750
1696
1756
1760
1719
1750
1760
1752
1760
1764
1700
1768
1712
1735
1796
1724
1728
1736
1754
1808
1762
1784
1803
1766
1698
1718
1754
1810
1756
1752
1718
1698
1775
1744
1705
1720
1716
1704
1752
1750
1766
1758
1711
1708
1772
1728
1754
1752
1780
1764
1804
1745
1736
1754
1730
1736
1754
1760
1728
1765
1786
1726
1764
1708
1727
1724
1748
1716
1738
1706
1722
1718
1756
1752
1723
1764
1738
1740
1744
1733
1762
1742
1740
1722
1766
1712
1710
1815
1736
1740
1786
1759
1778
1732
1738
1742
1722
1698
1774
1800
1732
1714
1720
1770
1742
1768
1702
1742
1778
1738
1744
1806
1774
1744
1766
1780
1782
1772
1736
1734
1714
1702
1762
1772
1752
1774
1759
1801
1808
1748
1708
1740
1772
1748
1764
1732
1722
1782
1762
1794
1716
1788
1734
1744
1686
1768
1731
1770
1732
1727
1758
1758
1728
1740
1746
1762
1714
1732
1724
1709
1701
1734
1770
1736
1758
1752
1738
1710
1740
1744
1734
1732
1722
1754
1708
1742
1696
1744
1748
1798
1702
1744
1752
1752
1750
1760
1766
1780
1718
1742
1746
1780
1720
1744
1756
1779
1762
1730
1715
1796
1740
1722
1766
1754
1696
1744
1724
1773
1744
1738
1738
1751
1764
1750
1720
1739
1720
1730
1765
1740
1746
1754
1748
1710
1784
1704
1740
1764
1770
1748
1750
1736
1756
1736
1744
1740
1746
1727
1758
1770
1744
1776
1768
1742
1716
1758
1726
1696
1774
1748
1704
1738
1758
1736
1784
1676
1737
1756
1740
1768
1696
1790
1754
1704
1728
1718
1784
1720
1714
1740
1716
1726
1736
1803
1745
1782
1732
1738
1784
1734
1776
1724
1702
1760
1706
1710
1722
1758
1786
1708
1731
1790
1706
1750
1746
1738
1748
1766
1758
1717
1708
1734
1718
1748
1780
1770
1740
1724
1730
1724
1732
1756
1756
1758
1742
1786
1727
1732
1738
1752
1745
1752
1714
1706
1729
1768
1742
1728
1718
1740
1754
1720
1706
1764
1779
1806
1726
1726
1790
1770
1736
1765
1768
1806
1742
1758
1760
1758
1717
1714
1756
1740
1728
1800
1768
1772
1788
1766
1704
1758
1770
1708
1732
1726
1814
1764
1734
1753
1756
1732
1748
1762
1764
1740
1752
1792
1735
1730
1732
1764
1762
1688
1744
1736
1750
1752
1768
1786
1780
1756
1792
1742
1750
1704
1748
1730
1710
1760
1736
1714
1744
1776
1732
1738
1738
1744
1738
1720
1722
1780
1748
1730
1746
1790
1746
1758
1736
1752
1740
1748
1754
1788
1720
1779
1727
1754
1756
1712
1748
1734
1740
1716
1726
1754
1758
1704
1812
1690
1740
1790
1774
1780
1756
1750
1792
1690
1742
1704
1746
1797
1782
1738
1806
1754
1757
1728
1798
1772
1770
1728
1732
1740
1726
1740
1789
1732
1752
1710
1716
1774
1774
1728
1770
1700
1750
1786
1756
1724
1738
1720
1771
1772
1720
1736
1758
1718
1732
1706
1716
1702
1736
1708
1762
1730
1762
1750
1756
1722
1780
1729
1698
1758
1732
1744
1776
1746
1700
1758
1752
1726
1772
1708
1763
1746
1734
1719
1702
1728
1724
1767
1764
1770
1780
1744
1740
1774
1755
1711
1728
1762
1732
1752
1706
1738
1724
1706
1772
1766
1736
1730
1738
1739
1710
1761
1758
1778
1736
1788
1748
1722
1714
1732
1695
1744
1748
1748
1758
1764
1734
1730
1752
1746
1744
1736
1778
1766
1755
1712
1806
1742
1730
1744
1702
1696
1755
1776
1744
1774
1702
1768
1696
1699
1765
1694
1828
1710
1754
1724
1756
1736
1719
1739
1752
1726
1758
1783
1700
1738
1734
1718
1748
1712
1715
1736
1754
1734
1752
1756
1724
1706
1778
1768
1756
1752
1786
1728
1716
1742
1728
1758
1762
1748
1680
1710
1685
1712
1720
1693
1732
1772
1724
1738
1732
1810
1766
1760
1726
1746
1772
1698
1752
1762
1732
1727
1766
1712
1756
1798
1684
1736
1744
1730
1732
1764
1744
1756
1714
1754
1766
1716
1758
1766
1704
1733
1718
1748
1746
1762
1742
1750
1804
1778
1710
1727
1778
1710
1708
1756
1734
1750
1698
1778
1735
1822
1756
1730
1716
1706
1720
1762
1780
1713
1746
1729
1723
1768
1752
1718
1684
1692
1708
1740
1778
1780
1792
1728
1712
1722
1670
1735
1718
1768
1720
1714
1746
1742
1790
1710
1718
1796
1725
1722
1782
1762
1696
1758
1773
1702
1779
1728
1760
1738
1746
1727
1744
1736
1760
1726
1738
1748
1770
1748
1770
1780
1728
1714
1754
1726
1742
1730
1778
1726
1728
1755
1750
1741
1762
1752
1739
1754
1728
1740
1770
1685
1742
1754
1736
1760
1750
1728
1698
1720
1752
1742
1738
1784
1762
1783
1774
1790
1732
1740
1722
1778
1812
1800
1744
1802
1757
1776
1770
1738
1780
1738
1781
1708
1740
1712
1758
1772
1736
1812
1708
1732
1740
1748
1772
1730
1760
1724
1752
1744
1710
1708
1791
1757
1794
1726
1740
1763
1722
1776
1762
1746
1750
1750
1758
1736
1788
1754
1748
1736
1748
1762
1758
1753
1754
1708
1686
1772
1770
1704
1738
1782
1724
1760
1732
1742
1754
1754
1736
1734
1742
1712
1730
1755
1764
1730
1768
1694
1757
1747
1722
1734
1784
1745
1796
1772
1755
1744
1716
1780
1788
1734
1725
1774
1762
1720
1714
1712
1742
1688
1778
1752
1760
1767
1740
1760
1770
1752
1744
1790
1752
1718
1760
1748
1716
1752
1778
1742
1776
1752
1736
1764
1680
1722
1738
1724
1710
1738
1756
