1762
1684
1734
1776
1700
1758
1760
1656
1690
1778
1744
1680
1694
1698
1694
1708
1746
1738
1712
1754
1786
1792
1730
1689
1734
1730
1731
1690
1738
1758
1750
1792
1730
1676
1770
1710
1754
1728
1768
1756
1751
1731
1750
1766
1770
1740
1748
1743
1686
1756
1719
1720
1738
1752
1718
1770
1734
1738
1768
1758
1704
1723
1704
1714
1719
1760
1716
1752
1742
1700
1792
1700
1752
1760
1762
1694
1754
1724
1696
1726
1750
1666
1770
1760
1762
1744
1780
1764
1782
1666
1766
1750
1748
1718
1748
1744
1688
1788
1702
1744
1732
1732
1710
1700
1764
1733
1744
1726
1778
1681
1706
1693
1750
1751
1738
1756
1734
1738
1745
1696
1741
1761
1732
1762
1746
1730
1726
1728
1709
1702
1718
1740
1696
1752
1766
1706
1728
1705
1768
1710
1731
1724
1766
1676
1716
1720
1783
1705
1738
1694
1712
1690
1708
1699
1798
1696
1690
1746
1752
1740
1748
1736
1720
1668
1736
1690
1747
1760
1748
1776
1710
1778
1710
1716
1782
1764
1708
1716
1774
1706
1724
1740
1774
1770
1724
1668
1700
1743
1713
1704
1708
1732
1702
1764
1726
1718
1740
1726
1780
1732
1708
1686
1724
1678
1688
1724
1734
1728
1784
1716
1738
1702
1768
1716
1716
1761
1732
1668
1726
1698
1694
1788
1712
1722
1708
1718
1742
1734
1723
1734
1752
1704
1752
1794
1686
1700
1718
1758
1782
1744
1708
1728
1714
1776
1764
1760
1750
1771
1752
1720
1756
1734
1764
1760
1768
1716
1766
1724
1724
1720
1716
1736
1736
1692
1724
1708
1710
1679
1742
1744
1714
1744
1732
1716
1738
1742
1712
1732
1756
1692
1752
1700
1773
1676
1752
1726
1782
1724
1714
1716
1752
1716
1742
1712
1744
1720
1744
1712
1736
1724
1720
1656
1772
1771
1748
1746
1748
1738
1764
1737
1738
1710
1728
1716
1716
1708
1742
1718
1726
1739
1720
1762
1729
1734
1755
1770
1762
1770
1726
1736
1746
1756
1728
1783
1712
1754
1760
1737
1740
1772
1672
1724
1748
1698
1765
1726
1726
1698
1708
1752
1736
1710
1732
1690
1682
1728
1686
1746
1730
1788
1714
1743
1726
1688
1734
1716
1728
1756
1674
1744
1752
1758
1746
1736
1704
1768
1740
1764
1732
1744
1734
1674
1787
1744
1704
1731
1714
1800
1702
1706
1730
1690
1754
1734
1790
1726
1716
1700
1752
1756
1780
1744
1730
1699
1772
1740
1715
1714
1736
1750
1754
1738
1704
1744
1720
1786
1778
1725
1706
1776
1772
1700
1744
1714
1762
1722
1760
1810
1700
1726
1746
1712
1708
1724
1774
1738
1714
1668
1708
1748
1742
1754
1740
1732
1716
1694
1708
1714
1739
1740
1706
1740
1682
1728
1754
1756
1681
1755
1740
1736
1732
1700
1732
1790
1750
1688
1714
1740
1722
1763
1746
1760
1752
1714
1740
1718
1718
1702
1720
1744
1684
1772
1816
1694
1754
1750
1710
1720
1722
1754
1682
1738
1722
1669
1704
1732
1710
1722
1740
1730
1751
1720
1732
1724
1683
1742
1710
1758
1740
1684
1712
1742
1700
1742
1748
1728
1686
1704
1784
1708
1742
1742
1739
1752
1709
1764
1723
1752
1718
1770
1738
1740
1756
1756
1762
1688
1713
1798
1750
1738
1698
1728
1732
1720
1726
1688
1708
1724
1744
1712
1752
1746
1734
1763
1700
1778
1760
1691
1686
1732
1722
1756
1766
1748
1744
1686
1688
1760
1754
1738
1716
1732
1794
1776
1799
1710
1762
1718
1704
1740
1670
1782
1724
1724
1708
1770
1728
1758
1768
1714
1726
1752
1750
1688
1734
1714
1780
1732
1728
1702
1722
1758
1712
1792
1712
1762
1716
1744
1690
1704
1690
1716
1736
1724
1744
1711
1702
1706
1752
1736
1708
1764
1778
1722
1716
1766
1722
1698
1730
1718
1732
1724
1708
1706
1734
1741
1704
1692
1754
1728
1756
1762
1761
1737
1748
1724
1738
1736
1758
1754
1713
1754
1684
1724
1760
1710
1720
1751
1776
1706
1742
1690
1747
1722
1692
1712
1786
1711
1706
1776
1743
1750
1732
1706
1707
1704
1748
1729
1660
1730
1750
1733
1752
1764
1781
1703
1740
1711
1754
1724
1718
1764
1764
1693
1726
1730
1752
1734
1746
1704
1750
1790
1754
1738
1746
1730
1738
1760
1750
1774
1740
1724
1781
1770
1798
1732
1764
1702
1768
1748
1704
1688
1742
1724
1712
1756
1750
1771
1778
1750
1774
1714
1762
1691
1692
1763
1738
1714
1730
1766
1730
1799
1752
1740
1744
1716
1692
1788
1746
1728
1742
1722
1743
1762
1746
1728
1746
1696
1774
1810
1718
1719
1732
1786
1770
1736
1784
1760
1709
1706
1726
1730
1722
1782
1734
1718
1746
1742
1736
1736
1682
1746
1724
1702
1700
1708
1747
1680
1694
1752
1715
1728
1744
1742
1708
1689
1692
1750
1746
1708
1770
1704
1763
1778
1722
1738
1764
1698
1720
1744
1704
1752
1753
1708
1710
1726
1716
1761
1730
1710
1724
1794
1752
1720
1740
1701
1770
1726
1688
1738
1726
1714
1746
1726
1706
1754
1737
1739
1772
1746
1745
1692
1792
1750
1710
1734
1756
1705
1759
1732
1754
1722
1717
1728
1706
1706
1748
1756
1726
1740
1728
1738
1781
1720
1720
1696
1726
1764
1742
1734
1696
1720
1735
1742
1714
1756
1716
1713
1734
1764
1728
1718
1696
1722
1773
1790
1734
1688
1736
1724
1726
1702
1730
1758
1747
1752
1708
1758
1672
1762
1718
1696
1740
1728
1670
1762
1728
1738
1710
1746
1740
1750
1688
1708
1724
1736
1746
1676
1770
1748
1722
1716
1668
1726
1690
1721
1738
1750
1774
1696
1713
1716
1750
1782
1700
1760
1698
1732
1726
1756
1741
1736
1678
1786
1742
1700
1694
1756
1714
1738
1768
1772
1760
1754
1778
1724
1746
1786
1712
1689
1784
1742
1744
1670
1756
1750
1770
1724
1718
1736
1714
1726
1691
1720
1726
1724
1764
1750
1738
1704
1760
1708
1758
1720
1744
1746
1700
1676
1726
1684
1762
1722
1716
1736
1748
1670
1736
1700
1692
1747
