1834
1820
1800
1812
1798
1750
1810
1822
1760
1790
1844
1778
1774
1790
1782
1792
1794
1810
1827
1830
1778
1816
1826
1824
1810
1798
1800
1768
1770
1842
1776
1854
1788
1836
1798
1746
1796
1816
1802
1794
1808
1764
1780
1808
1809
1865
1770
1760
1816
1780
1732
1856
1780
1800
1822
1803
1826
1818
1854
1806
1844
1732
1796
1784
1810
1848
1788
1778
1772
1812
1784
1814
1818
1780
1808
1864
1804
1822
1762
1860
1838
1856
1872
1840
1808
1788
1799
1854
1770
1814
1756
1826
1806
1775
1804
1810
1800
1798
1844
1758
1800
1788
1793
1866
1792
1800
1776
1828
1850
1808
1880
1861
1828
1764
1782
1808
1876
1802
1792
1774
1742
1825
1826
1753
1776
1780
1776
1786
1834
1806
1786
1755
1782
1834
1784
1792
1810
1832
1804
1862
1781
1780
1802
1786
1788
1808
1816
1806
1843
1842
1790
1836
1772
1821
1778
1800
1806
1796
1766
1792
1774
1794
1794
1791
1812
1788
1798
1790
1789
1826
1804
1810
1784
1810
1798
1762
1867
1786
1778
1832
1835
1854
1788
1814
1786
1762
1764
1816
1842
1778
1766
1798
1818
1816
1846
1766
1800
1848
1816
1806
1844
1808
1800
1836
1834
1836
1828
1786
1804
1776
1792
1812
1830
1810
1850
1811
1853
1870
1810
1754
1788
1834
1786
1788
1796
1768
1838
1810
1818
1790
1858
1796
1836
1734
1826
1805
1840
1806
1769
1824
1804
1796
1792
1816
1862
1776
1776
1772
1757
1749
1796
1814
1776
1830
1800
1772
1764
1778
1832
1806
1764
1812
1782
1802
1808
1756
1786
1802
1850
1768
1812
1830
1820
1824
1810
1832
1822
1788
1794
1824
1838
1824
1808
1820
1835
1826
1772
1771
1846
1806
1782
1838
1812
1766
1804
1768
1801
1820
1806
1788
1817
1826
1814
1778
1779
1776
1810
1825
1776
1814
1800
1810
1788
1854
1800
1798
1814
1844
1816
1808
1786
1808
1802
1804
1834
1802
1793
1824
1832
1820
1820
1814
1800
1782
1812
1798
1756
1814
1792
1760
1802
1796
1798
1830
1758
1815
1830
1788
1830
1754
1820
1814
1760
1794
1792
1850
1764
1746
1778
1784
1780
1790
1861
1825
1872
1784
1764
1872
1782
1842
1796
1776
1806
1770
1764
1776
1820
1866
1780
1795
1834
1764
1812
1792
1796
1804
1832
1810
1763
1784
1798
1786
1776
1830
1822
1766
1796
1804
1796
1802
1804
1818
1808
1824
1860
1787
1806
1784
1808
1799
1796
1774
1770
1789
1830
1798
1780
1776
1784
1818
1772
1776
1824
1827
1864
1776
1776
1860
1836
1786
1791
1854
1840
1780
1820
1792
1848
1789
1754
1812
1800
1784
1850
1814
1830
1826
1840
1750
1790
1834
1782
1790
1814
1862
1852
1782
1785
1814
1778
1800
1832
1840
1792
1822
1852
1805
1786
1812
1810
1826
1764
1786
1810
1808
1806
1832
1832
1836
1814
1820
1794
1782
1756
1806
1816
1768
1822
1790
1788
1792
1824
1794
1772
1802
1784
1804
1786
1804
1832
1806
1784
1808
1890
1826
1818
1772
1808
1794
1826
1804
1838
1790
1837
1781
1814
1820
1748
1788
1798
1778
1794
1792
1802
1810
1742
1858
1736
1784
1848
1826
1840
1822
1794
1846
1740
1786
1750
1776
1839
1856
1798
1836
1816
1811
1786
1856
1820
1828
1804
1778
1780
1750
1780
1833
1778
1794
1770
1780
1848
1846
1794
1836
1774
1804
1826
1814
1762
1800
1756
1823
1838
1780
1808
1818
1784
1776
1772
1802
1752
1784
1772
1808
1812
1842
1800
1798
1778
1828
1801
1752
1836
1772
1772
1818
1796
1784
1792
1812
1812
1820
1762
1809
1792
1800
1755
1758
1796
1770
1829
1834
1810
1838
1808
1800
1842
1809
1759
1800
1828
1788
1800
1742
1790
1772
1766
1850
1820
1796
1792
1794
1813
1754
1799
1816
1844
1802
1828
1846
1780
1762
1794
1771
1810
1826
1820
1820
1812
1776
1772
1808
1806
1796
1796
1830
1820
1819
1808
1860
1796
1802
1808
1750
1762
1825
1836
1802
1842
1800
1834
1772
1755
1817
1778
1880
1752
1818
1790
1828
1802
1771
1803
1800
1804
1790
1875
1752
1788
1788
1786
1812
1768
1769
1786
1824
1788
1834
1818
1772
1766
1840
1814
1812
1796
1812
1780
1782
1804
1776
1822
1820
1812
1760
1766
1737
1764
1772
1783
1790
1824
1800
1790
1814
1858
1804
1808
1828
1826
1852
1768
1818
1800
1800
1791
1826
1780
1802
1856
1734
1784
1808
1764
1802
1812
1800
1784
1770
1796
1812
1758
1808
1830
1784
1769
1800
1786
1802
1832
1802
1828
1870
1832
1780
1795
1820
1744
1770
1790
1800
1812
1758
1842
1799
1878
1814
1790
1786
1756
1802
1832
1830
1753
1786
1769
1807
1832
1798
1792
1728
1756
1764
1810
1846
1844
1862
1768
1784
1770
1724
1811
1798
1838
1798
1774
1802
1812
1850
1772
1748
1848
1789
1770
1820
1830
1774
1822
1831
1804
1839
1814
1812
1772
1806
1805
1792
1778
1820
1770
1806
1800
1828
1794
1820
1830
1802
1762
1800
1796
1804
1806
1834
1770
1810
1805
1822
1791
1800
1806
1795
1806
1790
1810
1830
1721
1806
1820
1786
1804
1812
1780
1792
1784
1822
1806
1794
1858
1818
1851
1820
1850
1772
1808
1768
1832
1886
1866
1804
1838
1817
1826
1838
1786
1814
1770
1829
1764
1822
1796
1788
1818
1816
1876
1788
1778
1772
1816
1834
1796
1828
1766
1808
1816
1802
1776
1829
1799
1856
1810
1800
1833
1788
1842
1806
1816
1798
1818
1828
1800
1844
1812
1838
1770
1816
1816
1816
1815
1816
1772
1744
1814
1820
1788
1794
1820
1804
1816
1788
1786
1798
1818
1808
1768
1794
1810
1808
1853
1826
1762
1818
1758
1795
1803
1796
1804
1832
1791
1850
1818
1805
1800
1754
1838
1852
1796
1773
1814
1808
1804
1818
1760
1820
1776
1844
1802
1818
1825
1826
1826
1824
1798
1794
1832
1838
1798
1810
1822
1786
1812
1808
1778
1804
1838
1790
1818
1724
1774
1784
1766
1796
1800
1804
