232
212
226
214
214
214
218
222
222
230
212
186
218
238
200
214
226
226
216
214
220
206
224
228
224
198
218
232
216
218
228
216
222
212
218
224
214
226
220
220
206
210
220
230
216
214
208
226
220
200
222
208
224
222
218
200
228
228
230
218
216
194
210
216
216
212
230
196
208
210
208
222
212
218
208
216
220
222
212
220
212
224
218
226
204
212
220
218
218
218
210
212
214
204
224
230
226
226
220
228
236
240
204
218
212
224
220
218
210
228
236
198
218
208
210
218
222
230
222
222
214
224
208
238
220
238
230
216
236
206
224
222
208
226
230
224
238
210
200
220
228
250
214
218
214
214
232
228
224
226
224
202
212
204
212
248
232
232
236
216
238
210
220
236
236
228
214
236
220
212
208
204
214
212
212
214
206
212
230
210
204
224
224
222
212
216
224
232
222
222
202
222
210
220
210
226
228
222
228
226
226
228
220
234
226
206
214
228
232
240
214
230
210
210
214
214
216
232
212
212
212
212
226
226
208
202
228
206
212
234
214
220
224
210
218
214
214
218
230
230
222
234
216
210
222
212
224
232
212
222
236
224
220
238
210
212
214
212
218
206
198
214
214
232
222
220
224
232
204
210
204
222
228
212
230
226
218
230
236
210
228
196
222
238
222
222
220
198
222
210
218
228
230
218
224
218
226
216
210
224
210
220
210
210
204
220
222
220
210
216
224
210
216
228
208
210
216
228
222
238
238
218
222
214
230
218
230
232
226
222
222
208
230
230
208
236
204
218
216
196
218
218
246
212
232
224
222
232
214
200
224
230
234
228
234
210
212
220
210
236
216
228
220
222
230
236
226
222
226
234
210
220
226
228
210
232
216
218
226
214
222
206
222
228
218
234
224
236
234
224
208
214
206
212
208
216
214
214
236
230
222
232
224
204
222
212
218
214
228
202
230
216
226
198
234
216
226
218
212
234
222
228
228
224
226
218
200
218
226
208
210
226
220
218
216
228
222
210
240
208
218
232
222
228
220
228
210
204
232
212
218
218
204
232
218
234
216
220
220
226
234
218
218
228
230
202
234
220
224
224
200
208
208
206
242
218
212
216
222
226
208
216
204
192
232
208
204
206
210
224
224
214
226
208
224
222
212
216
218
236
222
214
220
218
222
252
220
210
222
230
218
222
232
214
218
222
220
208
222
216
218
236
208
204
234
224
214
230
216
226
220
224
216
216
220
224
216
208
218
210
210
224
234
226
212
212
214
222
216
226
214
216
232
238
218
214
210
222
222
218
224
218
202
204
224
222
220
196
220
222
208
222
220
216
240
216
212
216
226
232
224
224
194
220
222
220
202
198
220
222
210
204
230
222
208
212
224
226
216
224
228
208
230
212
234
212
226
228
228
226
212
236
218
220
232
220
216
216
208
216
228
210
218
234
240
218
224
238
216
236
216
214
238
208
210
208
222
222
238
222
224
226
206
230
210
200
204
212
228
230
220
222
206
206
224
240
214
234
226
242
216
230
216
228
224
216
240
224
216
212
220
232
218
210
208
228
242
218
244
222
224
220
226
210
218
208
216
234
214
214
210
232
204
204
200
220
214
232
206
220
238
208
214
210
224
222
236
218
192
222
214
224
226
218
216
222
206
248
218
234
232
230
216
212
240
212
226
230
252
212
212
212
214
212
210
212
214
222
220
210
216
224
214
198
224
216
218
208
234
216
224
218
214
216
216
208
224
222
230
230
228
214
224
210
208
228
214
208
230
226
226
216
218
202
210
224
210
232
218
218
230
222
226
222
218
232
234
222
226
210
234
230
218
230
218
218
228
226
208
214
222
220
228
224
214
212
214
216
222
206
228
254
230
244
216
214
214
222
232
218
208
234
216
232
224
202
220
230
224
222
230
210
210
206
228
224
226
218
234
212
208
212
210
226
212
216
208
216
216
222
226
220
238
220
212
236
230
220
218
234
212
220
218
220
218
222
206
224
214
228
224
204
210
218
226
222
214
218
218
224
244
234
246
220
234
228
218
210
228
230
222
214
222
218
218
242
222
224
208
230
208
234
222
214
248
216
218
242
224
244
220
216
216
230
222
224
234
208
228
208
208
230
240
218
216
202
216
236
224
232
222
230
234
216
218
212
224
236
204
204
222
216
214
222
218
212
222
222
234
198
228
220
210
216
198
222
218
218
220
206
226
226
230
248
230
228
230
228
220
202
228
212
214
218
212
224
222
220
230
220
210
226
216
204
218
220
224
232
200
222
224
224
204
222
206
206
216
214
212
214