222
220
226
224
218
204
218
210
222
218
218
220
218
214
216
224
230
230
210
220
200
204
208
218
246
212
214
212
214
212
216
216
214
228
218
224
222
210
196
222
242
226
206
232
218
206
210
222
220
212
202
214
224
224
222
232
208
218
214
206
214
228
210
216
208
212
214
224
244
218
212
218
212
216
210
238
216
212
236
214
220
220
202
212
224
206
204
226
202
214
210
210
218
202
220
220
218
194
202
232
200
224
228
238
218
212
216
208
212
210
200
212
216
220
210
240
222
216
206
232
212
218
216
220
226
216
220
214
218
212
204
240
216
212
214
208
214
234
218
222
218
228
210
222
222
216
222
238
220
214
204
232
216
208
212
226
218
214
212
214
216
210
218
208
226
210
222
210
210
198
218
212
196
228
232
200
222
208
224
204
202
218
208
208
210
210
216
200
214
216
220
218
214
228
206
220
216
216
226
224
210
220
214
206
222
240
210
206
194
196
208
206
224
214
194
206
204
210
216
218
212
214
194
206
198
240
214
236
214
198
228
210
208
208
206
220
208
212
222
206
212
224
232
206
216
198
204
210
222
208
228
228
208
220
230
220
198
226
224
208
216
224
220
222
210
222
228
214
216
204
214
206
212
214
212
212
210
206
218
222
214
224
222
214
212
220
226
212
218
218
210
212
236
218
230
206
220
224
212
226
224
218
214
216
212
216
210
198
208
216
226
216
218
216
208
210
236
218
218
204
206
220
218
224
216
210
216
220
210
216
210
232
210
220
214
218
216
224
222
206
218
212
204
204
208
212
212
212
228
214
228
224
212
230
208
220
214
210
206
218
228
226
212
208
218
224
210
224
198
240
202
206
226
208
200
216
226
206
232
214
212
224
206
212
230
208
208
222
224
214
224
202
214
214
200
206
220
244
220
212
224
212
202
222
208
218
224
212
202
210
228
224
226
214
214
214
234
208
210
222
220
198
202
238
220
206
202
204
224
238
216
214
208
216
216
226
220
218
216
228
222
224
226
204
234
216
220
198
206
234
218
196
224
206
226
226
212
204
218
218
224
212
198
216
208
222
226
200
216
216
206
226
224
210
216
216
236
202
220
220
226
216
216
208
238
218
222
232
218
208
216
226
214
214
196
236
224
218
222
204
222
214
226
218
218
216
218
210
224
220
226
210
222
212
220
232
226
220
220
216
214
210
224
220
192
212
230
210
220
204
232
210
200
230
218
214
212
224
222
212
224
220
220
216
234
214
230
212
210
208
228
214
218
214
198
216
216
212
216
212
220
220
214
220
212
220
208
216
220
220
212
212
204
232
226
230
210
216
226
208
220
234
204
236
234
214
212
216
206
234
214
220
222
226
220
224
218
208
208
214
212
212
222
208
224
222
226
224
218
204
214
222
218
218
214
218
210
222
210
204
196
212
198
208
224
216
222
204
216
212
204
238
210
204
210
236
226
222
204
226
220
210
230
212
202
218
204
194
226
212
210
218
208
220
216
226
218
222
200
214
204
194
206
228
214
208
206
204
220
210
204
228
226
186
218
220
212
220
212
224
214
214
218
216
214
234
218
210
228
218
206
222
210
212
232
226
226
208
212
208
216
224
238
228
216
216
218
206
230
208
204
214
228
232
218
224
222
200
218
212
220
224
208
222
214
230
228
218
208
220
204
236
226
214
212
210
220
222
212
214
218
212
220
214
214
230
220
216
222
224
218
208
228
206
214
216
222
222
218
218
214
230
222
200
210
208
224
212
212
222
224
212
214
214
228
216
226
224
236
218
218
208
220
216
216
212
216
212
226
208
208
206
230
230
210
242
226
224
230
218
216
222
230
210
234
210
212
220
216
224
222
226
224
210
226
218
228
216
212
204
208
206
206
212
214
208
206
202
218
220
210
224
222
224
234
196
208
228
220
202
216
216
198
230
214
218
222
226
206
212
224
224
220
216
222
232
220
214
198
206
214
224
210
230
202
210
242
218
216
212
220
202
220
224
234
202
194
214
208
218
200
228
214
202
214
202
214
226
218
216
202
240
218
208
212
230
220
226
222
234
194
220
224
218
216
212
206
234
226
218
234
216
202
206
230
218
216
220
206
200
218
224
210
236
228
194
218
196
210
238
222
230
230
230
214
208
224
218
214
222
210
218
180
206
220
224
222
212
210
218
214
216
224
204
224
238
220
216
228
234
216
212
240
204
220
202
214
210
222
218
196
218
224
224
214
210
220
228
206
222
226
212
224
204
216
208
218
210
228
228
212
218
230
220
220
204
202
228
206
228
