228
228
228
226
224
216
236
228
230
226
224
220
212
264
232
226
218
228
226
232
240
208
240
228
238
248
226
216
210
234
222
226
218
238
232
232
222
250
234
228
250
218
220
226
230
220
224
250
254
220
226
242
230
226
222
226
246
212
216
214
236
228
218
220
234
232
232
228
238
216
228
238
240
256
242
224
246
232
214
218
230
240
228
228
224
234
240
218
216
218
226
230
236
254
230
242
230
228
222
228
262
240
248
218
224
226
244
238
218
214
242
232
236
222
234
232
222
238
214
216
240
222
236
238
222
226
222
210
236
214
232
204
242
232
238
222
228
238
214
214
208
236
214
224
228
220
238
244
234
240
232
238
232
224
226
228
232
262
218
250
230
222
234
208
210
254
226
226
226
220
234
226
226
226
230
246
222
230
220
238
206
248
238
222
230
230
244
228
234
240
218
226
204
222
216
224
240
234
232
212
238
240
218
226
230
222
228
256
238
228
238
234
240
224
220
230
234
226
216
220
242
220
218
230
236
246
222
216
220
226
234
228
224
222
230
208
208
240
232
244
230
226
226
222
234
238
214
242
234
216
234
224
232
228
218
240
224
232
224
214
206
234
224
236
234
234
234
248
222
238
228
232
222
238
258
216
232
228
242
232
222
230
228
234
236
234
222
228
222
234
206
222
238
224
238
246
220
212
210
230
230
220
220
236
244
210
224
218
230
216
248
228
226
236
220
246
230
222
244
236
240
226
218
232
234
244
228
222
224
238
244
202
236
232
240
230
230
218
226
212
236
232
252
228
234
226
216
222
222
220
218
234
232
220
234
212
210
226
226
236
232
240
236
220
220
240
240
224
224
240
220
234
238
222
214
232
220
220
238
238
228
210
232
232
236
218
212
222
212
222
200
256
210
228
230
246
226
258
238
228
228
236
224
218
222
236
234
210
228
206
248
220
222
220
234
220
234
232
228
232
228
224
222
250
218
230
236
222
242
224
228
242
222
234
220
224
228
220
224
214
236
238
226
238
230
218
232
214
216
210
230
220
220
250
226
218
220
234
230
238
246
236
206
220
214
222
220
220
224
226
212
226
232
214
218
238
230
242
240
234
230
220
222
218
226
214
224
214
220
236
218
240
230
212
232
226
226
242
228
238
236
220
234
238
218
244
228
230
226
226
218
232
228
212
236
228
244
222
226
234
228
242
232
228
232
226
224
244
216
246
232
224
212
214
218
238
222
224
224
214
228
230
216
234
228
240
222
224
240
236
230
250
220
222
242
238
226
228
230
218
228
218
224
222
222
226
216
212
212
220
230
226
226
224
240
230
218
232
224
226
222
216
230
214
234
242
224
226
228
224
228
234
232
236
232
232
224
226
222
210
224
222
222
236
230
228
216
232
226
224
234
230
242
228
230
234
230
230
226
236
244
222
226
232
262
236
232
228
222
248
214
210
230
214
216
224
228
222
238
224
218
214
220
214
210
246
212
210
230
224
228
244
220
224
214
226
224
218
234
240
208
224
218
238
224
238
232
226
232
234
230
222
218
234
218
216
228
218
220
236
232
230
222
230
222
216
228
220
230
216
220
230
240
218
220
240
228
236
238
232
242
224
216
224
214
230
252
218
230
224
238
220
222
232
228
226
230
230
224
238
232
234
214
240
242
228
244
226
218
230
244
206
220
216
238
234
234
228
240
216
226
250
236
234
228
226
220
226
234
242
244
236
222
226
228
226
226
214
242
226
238
224
224
220
238
240
228
222
212
230
234
210
232
212
222
234
220
226
220
232
230
220
214
212
230
242
232
232
234
220
240
228
226
248
228
226
224
238
212
234
232
244
232
228
222
236
234
224
232
204
222
262
242
234
210
216
222
236
258
220
218
232
226
228
238
226
230
224
238
242
230
210
234
234
220
242
244
238
238
222
238
216
228
232
236
240
236
222
230
246
204
212
232
206
226
224
238
230
220
232
210
208
220
224
230
232
230
238
222
242
226
208
222
234
218
244
228
218
226
224
232
238
236
232
246
242
210
242
248
264
212
228
224
226
226
250
226
236
226
224
232
230
212
212
232
218
232
246
222
246
222
234
232
218
234
212
244
212
238
220
226
214
234
220
222
226
216
236
236
238
226
242
218
226
224
242
238
234
226
214
232
230
236
228
230
226
230
220
234
238
230
224
220
218
220
240
228
240
232
230
222
192
218
246
226
238
242
222
212
224
228
222
222
226
230
210
214
238
228
216
236
218
234
230
250
230
232
238
218
226
226
250
232
220
214
236
228
230
222
230
