858
878
877
884
916
892
913
898
834
884
914
890
894
904
882
876
878
910
902
888
904
898
926
904
862
896
894
896
910
876
880
886
888
902
880
878
876
874
880
882
876
920
898
912
885
882
902
924
908
878
904
881
914
894
878
892
886
904
908
890
858
912
904
902
852
902
876
908
886
908
846
878
900
886
886
880
896
896
869
888
868
920
872
908
872
916
876
896
906
906
876
904
926
934
918
894
872
908
915
895
906
926
886
892
870
926
902
898
908
893
864
892
892
868
890
882
902
880
882
910
880
924
896
876
908
882
882
875
882
918
904
932
894
910
882
914
872
943
886
912
908
908
910
910
896
906
895
888
868
886
874
904
904
913
892
904
894
910
863
873
878
906
916
906
912
881
884
884
894
906
906
864
922
917
852
906
870
888
906
920
896
882
902
896
914
902
874
892
912
866
860
916
892
874
894
884
906
876
868
860
896
896
900
894
856
884
890
914
876
918
882
896
900
929
912
912
872
922
908
884
904
876
920
894
900
908
854
878
886
898
896
860
907
904
878
882
904
882
894
900
894
903
880
940
910
916
910
932
888
890
880
878
866
894
892
914
894
902
892
874
912
910
894
886
866
916
879
909
880
864
912
898
896
874
906
884
884
897
874
904
882
882
882
892
881
878
932
880
879
898
924
884
896
905
876
870
901
942
854
910
882
926
890
888
908
862
872
914
896
930
886
876
906
891
898
859
876
906
900
901
888
904
897
886
870
926
888
882
907
878
882
886
912
908
876
936
874
930
858
892
914
920
890
912
876
902
892
908
894
916
870
918
856
898
904
894
894
894
874
884
886
909
906
902
920
928
904
920
882
897
894
850
889
858
892
902
878
902
880
890
900
900
896
902
872
858
896
912
878
928
898
894
920
900
911
900
877
896
886
872
887
910
880
862
870
886
848
874
900
890
894
910
924
902
896
866
884
882
864
886
882
924
924
900
896
888
948
920
916
871
884
878
891
890
872
892
898
916
918
902
872
900
881
894
914
910
880
888
912
900
890
898
886
880
902
890
920
938
904
868
917
916
882
866
912
879
854
898
900
858
917
890
908
886
912
904
899
914
894
892
882
908
882
856
874
926
884
896
870
884
906
876
886
896
924
896
894
890
904
874
884
896
888
870
892
882
899
862
887
876
867
878
921
895
872
909
896
937
902
898
886
878
880
896
879
880
904
884
924
892
892
898
876
902
864
898
862
922
866
876
858
906
888
890
894
910
895
892
874
916
858
890
896
894
896
896
890
856
886
898
858
880
864
870
872
918
890
884
902
900
884
878
904
870
888
902
918
892
882
893
907
878
888
866
930
882
877
868
916
880
916
937
906
872
901
914
867
913
870
884
888
884
880
882
924
922
906
900
910
890
912
878
896
916
876
894
889
932
884
898
902
912
883
900
882
894
846
902
892
876
898
900
868
874
888
886
902
878
876
856
902
914
906
918
854
904
872
890
892
910
870
924
904
886
925
898
874
896
884
854
907
932
886
865
888
878
882
894
894
918
868
918
922
908
904
920
904
910
900
880
906
864
898
880
908
894
880
878
928
866
882
927
894
900
908
876
890
942
912
856
886
884
904
888
900
890
926
936
884
878
856
886
886
888
898
912
914
877
912
876
886
912
900
874
898
892
914
880
896
856
892
906
914
893
886
900
902
892
898
860
894
895
872
894
902
888
902
872
880
886
880
867
916
884
882
880
904
860
908
878
910
914
862
881
896
892
866
876
912
891
912
884
902
894
880
860
894
914
846
892
892
910
892
889
862
910
890
872
896
928
886
892
872
886
912
876
894
885
926
902
944
896
900
872
900
906
888
908
922
896
868
910
908
884
880
860
918
940
912
898
886
904
907
902
902
888
918
910
876
910
880
926
874
908
904
880
890
870
900
879
890
896
884
894
898
874
878
898
874
896
904
886
894
889
898
910
886
874
870
862
852
898
892
916
886
898
904
912
868
878
892
912
868
910
878
860
870
902
892
918
882
908
892
900
874
907
868
900
884
868
890
892
882
912
877
886
870
886
903
908
858
906
888
872
882
873
890
916
906
930
888
880
876
916
878
876
903
890
922
892
898
886
908
918
876
888
906
896
918
878
868
898
904
866
896
898
904
912
904
904
898
900
875
906
902
922
882
889
892
894
898
871
884
878
872
860
906
900
900
870
876
918
874
918
908
889
880
914
912
888
902
882
908
876
886
884
914
866
887
904
934
892
888
906
932
888
876
896
864
902
878
876
894
902
887
904
910
862
884
892
