6054
6038
6190
6080
6092
6016
6080
6084
6060
6042
6098
6024
6186
6224
6010
6042
6108
6106
6162
6132
6106
6140
6068
6090
6082
6186
6130
6050
6112
6094
6092
6122
6078
6102
6018
6082
6120
6036
6182
6050
6054
6106
6092
6052
6038
6090
6070
6024
6092
6068
6100
6082
6056
6028
6094
6236
6088
6150
6112
6112
6082
6142
6102
6116
6076
6140
5986
6092
6068
6056
6054
6092
6020
6062
6114
6130
6120
6132
6126
6032
6030
6052
6128
6088
6142
6112
6036
6084
6090
6118
6086
6084
6090
6054
6184
6096
6074
6136
6100
6110
6006
6124
6116
6020
6088
6154
6114
6128
6032
6106
6182
6048
6150
6148
6088
6022
6066
6096
6158
6178
6106
6064
6068
6102
6174
6252
6140
6078
6108
6078
6046
6098
6026
6026
6086
6026
6130
6080
6070
6098
6084
6084
6042
6096
6170
6134
6064
6106
6118
6154
6072
6158
6050
6098
6044
6072
6126
6114
6070
6102
6078
6070
6122
6142
6054
6092
6094
6038
6132
6166
6112
6104
6084
6048
6070
6084
6100
6036
6080
6118
6114
6110
6096
6010
6134
6080
6096
6174
6056
6066
6112
6098
6080
6150
6136
6094
6038
6140
6166
6056
6000
6098
6120
6094
6194
6138
6104
6136
6132
6100
6140
6150
6098
6184
5980
6140
6176
6096
6048
6228
6068
6106
6132
6018
6122
6058
6128
6106
6116
6074
6134
6094
6156
6108
6092
6132
6126
6120
6216
6096
6118
5968
6026
6054
6114
6044
6194
6110
6190
6102
6120
6044
6080
6082
6044
6166
6050
6076
6118
6084
6080
6056
6102
6140
6096
6056
6066
6018
6088
6012
6150
6096
6048
6042
6068
6090
6114
6070
6116
6130
6002
6074
6106
6054
6100
6236
6112
6114
6110
6132
6080
6178
6116
6008
6054
6074
6060
6134
6132
6070
6040
6060
6124
6080
6132
6178
6134
6088
6052
6138
6016
6056
6080
6152
6098
6032
6024
6064
6148
6036
6166
6094
6074
6132
6142
6074
6166
6102
6048
6134
6064
6072
6034
6110
6106
6118
6088
6098
6072
6160
5982
6022
6046
6062
6078
6132
6088
6186
6118
6104
6118
6156
6080
6076
6166
6008
6092
6100
6038
6052
6064
6052
6108
6050
5982
6086
6062
6062
6114
6062
6068
6124
6164
6152
6034
6172
6158
5972
6080
6108
6174
6072
6202
6048
6130
6046
6138
6024
6046
6044
6080
6096
6076
6126
6238
5996
6114
6116
6074
6114
6160
6134
6036
6122
6062
6140
6088
6090
6132
6100
6074
6194
6104
6132
6062
6058
6106
6014
6030
6108
6062
6204
6110
6076
6126
6080
6068
5990
6094
6074
6068
6002
6076
6042
6088
6048
6016
6102
6110
6172
6126
6044
6164
6064
6128
6138
6020
6050
6060
5952
6144
6190
6076
6128
6116
6044
5958
6116
6094
6104
6118
6040
6036
6080
6120
6100
6008
6012
6088
6074
6152
6078
6022
6082
6072
6150
6154
6144
6014
6074
6118
6050
6110
6138
6080
6068
6076
6044
6138
5998
6110
6092
6100
6030
6128
6056
6128
6104
6218
6126
6150
6040
6136
6092
6134
6064
6168
6124
6138
6106
6142
6134
6098
6092
6024
6028
6004
6156
6052
6080
6072
6066
6102
6154
6050
6066
6118
6070
6056
6110
6192
6030
6020
6060
6174
6148
6114
6094
6054
6186
6168
6050
6084
6072
6002
6114
6128
6076
6056
6112
6066
6054
6044
6094
6040
6210
6054
6094
6090
6052
6052
6128
6106
6136
6050
6084
6050
5998
6062
6062
6054
6094
6104
6106
6140
6096
6064
6008
6094
6004
6086
6152
6146
6126
6064
6020
6126
6190
6134
6064
6056
6130
6058
6018
6028
6082
6074
6156
6142
6072
6056
6074
6194
6130
6038
6122
6094
6112
6064
6130
6076
6222
6028
6094
6080
6110
6120
6134
6116
6116
6054
6104
6130
6130
6134
6134
6108
6124
6124
6048
6032
6234
6074
6036
6168
6072
6078
6132
6064
6036
6180
6170
6058
6058
6070
5974
6032
6084
6108
6042
6092
6006
5940
6048
5978
6072
6120
6024
6134
6092
6178
6132
6038
6150
6044
6084
5990
6150
6134
6142
6030
6052
6058
6148
6082
6040
6062
6170
5926
6028
6118
6068
6150
6044
6066
6080
6110
6152
6092
6058
6208
6122
6070
6140
6066
6118
6060
6122
6020
5986
6138
6092
6150
6058
6132
5958
6086
6046
6140
6150
6104
6068
6110
6104
6024
6066
6092
6108
6110
6136
6058
6020
6128
6060
6052
6120
6044
6022
6152
6064
6092
6140
6080
6118
6108
6050
6118
6058
6128
6090
6052
6038
6052
6062
6216
6110
6212
6090
6054
6070
6126
6096
6034
6022
6014
6108
6034
6082
6096
6190
6064
6110
6150
6090
6104
6030
6090
6098
6058
6150
6134
5928
6046
6060
5980
6064
6106
6128
6112
6070
6072
6064
6112
6078
6036
6100
5980
6106
6050
6076
6090
6134
6074
6038
6124
6068
6094
6040
6068
6144
6128
6076
6124
6022
6158
6166
6122
6102
6056
6008
6038
6050
6118
6206
6018
6074
5970
6076
6078
6050
6148
6096
6090
6072
6076
6124
6144
6150
6080
6086
6060
6070
6146
6098
6096
6026
6034
6106
6116
6036
6108
6130
6130
6092
6152
6158
6110
6194
6014
6024
6064
6070
6164
6156
5974
5984
6122
6072
6016
6144
6112
6072
6002
6050
6050
6138
6112
6126
6026
6052
6128
6026
6062
6098
6076
5996
6188
6018
6176
5988
6064
6064
6060
6094
6082
6176
6036
6084
6084
6156
6100
5972
6076
6112
6066
6152
6030
6042
6142
6112
6130
6012
6048
6082
6212
6058
6090
6060
6038
6164
6112
6060
6180
6008
6080
6184
6126
6074
5970
6106
6168
6124
6070
6146
6150
6056
6122
6120
6062
6058
6152
6140
6124
6074
6164
6108
6236
5988
6076
6056
6174
6070
6048
6093
6014
6122
6058
6110
6132
6068
6082
6020
6054
6018
6002
6152
6208
6067
6046
6090
6072
6026
6084
6150
6118
5958
6166
6033
6062
6156
6050
6032
6064
5974
6142
6162
6192
6184
6036
6142
6180
6122
6122
6044
6126
6154
6040
6066
6090
6083
6032
6036
6098
6184
6036
6058
6150
6072
6104
6060
