882
900
903
936
942
920
941
948
870
904
940
942
934
942
912
906
888
930
926
908
926
932
944
946
892
920
908
924
948
904
902
926
918
960
908
928
918
908
922
924
904
948
922
934
913
914
934
960
934
900
964
907
952
916
898
936
928
928
928
928
890
950
930
940
876
938
898
948
896
948
872
902
952
926
922
920
922
936
911
898
896
948
908
934
912
946
922
928
936
938
908
928
968
968
944
934
920
944
945
941
936
956
902
920
910
944
948
928
938
923
886
902
918
896
902
910
928
900
910
952
908
954
922
922
940
922
908
903
908
936
926
962
926
946
918
936
900
973
912
932
944
930
942
930
916
928
949
930
898
910
906
948
930
935
926
924
924
926
885
911
918
934
938
924
934
915
902
900
928
940
928
882
948
933
886
930
900
912
922
956
928
920
922
940
940
920
920
910
942
910
884
940
944
902
918
924
934
928
904
896
916
930
932
906
896
924
916
944
936
954
916
922
922
945
942
964
912
942
940
924
942
902
946
944
962
952
894
904
922
924
938
884
949
932
930
918
926
918
918
926
926
927
896
958
936
952
940
982
942
934
910
908
888
938
932
948
924
930
940
908
944
932
928
922
902
962
925
931
908
900
950
932
926
890
938
920
930
913
904
932
900
944
906
918
929
890
950
910
915
926
948
908
916
947
898
912
929
972
884
930
922
960
914
920
934
888
928
948
908
984
920
890
928
907
922
883
912
944
928
921
918
944
951
910
892
960
942
918
923
920
914
912
934
928
922
964
908
972
890
920
950
976
916
948
896
940
932
928
914
940
890
936
910
930
942
930
938
916
904
912
912
943
920
928
946
962
938
944
940
949
924
882
913
902
918
916
908
930
912
926
910
928
916
948
892
908
916
936
918
952
932
928
956
922
939
942
905
910
914
900
919
930
910
916
910
916
890
906
928
910
954
940
952
924
914
896
922
914
894
928
912
978
960
934
924
914
990
950
942
909
910
910
909
926
896
912
918
932
960
930
916
922
905
910
954
936
908
928
938
916
928
940
922
894
936
934
940
960
926
894
951
942
918
912
946
905
896
928
928
876
947
934
920
928
938
934
933
926
928
932
936
940
898
874
930
970
920
926
894
894
930
898
908
922
956
924
918
908
934
904
934
920
930
904
928
938
929
888
917
898
883
906
939
917
916
927
932
967
934
936
918
906
912
922
911
914
932
912
942
916
944
908
896
934
910
940
906
948
904
918
876
932
920
916
932
950
957
914
890
946
906
936
928
916
928
934
932
890
908
926
878
902
888
922
908
948
922
928
924
930
924
900
928
898
918
926
940
926
928
915
933
940
918
898
956
916
915
900
932
896
942
965
936
912
937
940
883
935
886
928
928
904
926
928
974
950
934
914
944
902
946
914
928
948
900
906
923
950
930
934
924
942
907
930
902
926
886
924
942
908
926
934
896
904
918
906
938
918
944
900
924
938
932
936
884
926
908
940
938
932
902
940
942
934
949
930
902
952
898
882
937
958
908
901
932
902
908
926
942
938
924
948
952
930
944
942
956
930
942
912
936
904
908
906
950
912
902
916
968
884
896
951
902
916
932
912
910
978
944
894
908
912
942
936
934
914
954
970
908
910
898
932
920
920
932
942
928
905
934
900
922
938
926
908
916
924
942
912
924
884
914
932
930
923
916
926
918
924
930
888
928
923
896
908
930
900
920
906
900
926
932
903
946
920
894
912
954
886
932
912
944
958
890
907
920
910
892
918
942
911
944
912
938
942
916
890
922
928
866
924
918
940
928
901
890
944
908
906
926
950
906
900
916
918
922
914
936
925
950
936
972
924
932
904
924
940
916
922
948
928
914
926
926
902
910
886
956
986
950
936
930
940
927
918
934
912
944
934
912
936
918
956
908
930
926
926
912
908
932
907
932
918
902
916
924
934
920
918
916
922
934
924
928
911
918
944
918
918
920
892
878
922
936
938
918
904
936
936
936
908
914
934
902
944
920
890
914
934
924
946
908
940
912
932
908
935
894
944
912
902
908
914
904
946
919
916
882
906
931
928
892
936
912
896
904
931
916
934
944
970
914
910
904
944
900
904
931
916
934
926
930
912
930
960
914
938
932
906
944
900
900
938
930
906
942
940
936
934
934
926
928
954
899
928
916
952
918
921
922
920
948
911
930
898
894
886
954
930
908
892
914
936
926
942
918
921
918
942
934
922
948
904
918
898
928
934
950
894
935
928
962
914
922
972
944
906
906
908
896
932
908
894
942
934
913
930
944
900
902
928
