5950
5976
5812
5960
5996
5842
5898
5958
5872
5884
5836
5890
5856
5936
5812
5812
5846
5910
5892
5866
5890
5880
5868
5888
5832
5940
5966
5842
5848
5888
5876
5950
5916
5858
5904
5750
5868
5856
5866
5826
5936
5866
5876
5986
5904
5924
5870
5904
5978
5792
5948
5976
5872
5832
5862
5842
5808
5900
5928
5876
5864
5972
5886
5938
5804
5928
5890
5928
5828
5794
5860
5840
5812
5982
5840
5824
5822
5886
5856
5908
5854
5848
5878
5936
5924
5786
5898
5872
5860
5888
5924
5964
5930
5898
5946
5850
5930
5904
5854
5882
5932
5918
5886
5766
5926
5816
5844
5862
5820
5904
5838
5876
5858
5926
5910
5890
5890
5776
5840
5900
5872
5898
5850
5862
5954
5960
5884
5880
5928
5806
5976
5862
5944
5864
5884
5938
5876
5938
5866
5850
5874
5912
5820
5936
5768
5874
5858
5890
5830
5862
5910
5920
5858
5900
5900
5848
5962
5816
5824
5884
5928
5848
5920
5896
5884
5872
5906
5888
5938
5898
5924
5934
5940
6006
5856
5910
5836
5958
5836
5930
5826
5888
5864
5922
5824
5778
5820
6018
5922
5852
5858
5850
5838
5898
5924
5908
5888
5816
5882
5862
5868
5876
5910
5894
5936
5868
5880
5878
5904
5872
5900
5896
5840
5904
5930
5930
5876
5906
5898
5826
5898
5888
5972
5858
5932
5846
5850
5896
5904
5900
5876
5944
5826
5882
5858
5912
5868
5848
5930
5968
5934
5924
5800
5908
5872
5972
5856
5922
5900
5878
5878
5888
5922
5916
5900
5868
5878
5866
5790
5900
5928
5890
5896
5854
5952
5960
5806
5818
5912
5868
5844
5818
5876
5754
5860
5874
5806
5806
5880
5908
5946
5786
5880
5968
5904
5902
5842
5942
5870
5946
5972
5872
5904
5868
5846
6016
5940
5894
5858
5960
5890
5866
5868
5888
5828
5774
5852
5894
5838
5898
5922
5930
5846
5922
5838
5854
5888
5948
5898
5798
5834
5882
5862
5854
5860
5920
5902
5860
5898
5894
5916
5976
5866
5822
5914
5908
5864
5954
5882
5886
5836
5886
5902
5920
5970
5894
5898
5922
5906
5880
5938
5842
5890
6008
5938
5862
5978
5946
5864
5828
5802
5886
5842
5828
5884
5914
5962
5960
5890
5842
5880
5952
5928
5908
5844
5876
5750
5876
5892
5844
5902
5882
5940
5886
5962
5954
5928
5864
5926
5822
5812
5938
5980
5870
5824
5840
5862
5938
5924
5792
5866
5898
5992
5844
5864
5910
5852
5888
5830
5908
5852
5850
5886
5932
5866
5928
5936
5904
5858
5854
5830
5862
5860
5930
5940
5798
5860
5820
5870
5792
5862
5880
5816
5954
5898
5802
5898
5798
5868
5968
5974
5896
5902
5916
5942
5876
5888
5850
6008
5864
5826
5916
5902
5912
5904
5902
5864
5938
5940
5874
5786
5884
5926
5930
5876
5846
5804
5856
5926
5960
5874
5946
5890
5792
5908
5802
5854
5886
5898
5852
5876
5894
5912
5932
5850
5884
5884
5866
5910
5904
5858
5852
5890
5902
5940
5826
5882
5864
5816
5844
5830
5918
5796
5896
5860
5868
5986
5894
5918
5828
5846
5914
5884
5872
5888
5960
5876
5868
5896
5964
5986
5962
5956
5826
5854
5920
5922
5984
5936
5854
5932
5864
5806
5938
5892
5930
5914
5848
5946
5914
5926
5818
5926
5938
5948
5876
5876
5902
5922
5988
5836
5938
5948
5932
5868
5864
5948
5870
5892
5958
5920
5872
5854
5844
5798
6012
5890
5942
5894
5924
5822
5874
5888
5910
5924
5858
5954
5870
5860
5950
5890
5904
5984
5836
5904
5898
5912
5922
5874
5894
5896
5878
5866
5924
5870
5930
5974
5836
5940
5872
5846
5906
5928
5880
5862
5862
5834
5934
5906
5958
5824
5986
5910
5888
5968
5858
5938
5878
5912
5938
5992
5840
5906
5926
5952
5838
5894
5866
5784
5866
5844
5846
5916
5838
5930
5904
5940
5850
5870
5794
5882
5836
5922
5932
5812
5874
5906
5866
6048
5828
5866
5830
5894
5916
5966
5902
5846
5940
5902
5910
5804
5856
5974
5914
5968
5884
5812
5866
5910
5920
5954
5956
5856
5946
5782
5854
5872
5868
5832
5874
5928
5838
5868
5914
5828
5860
5894
5876
5986
5866
5912
5906
5934
5930
5918
6008
5964
5878
6010
5964
5960
5906
5922
5908
6014
5828
5918
5872
5960
6000
5882
5914
5902
5956
5828
5832
5836
5958
5922
5924
5762
5852
5860
5870
5862
5858
5920
5836
5840
5864
5938
5890
5870
5770
5952
5988
5826
5894
5902
5888
5796
5864
5836
5890
5984
5872
5938
5954
5878
5960
5876
5878
5854
5862
5872
5900
5904
5832
5898
5962
5860
5804
5860
5818
5896
5920
5878
5898
5942
5864
5948
5946
5934
5964
5894
5926
5972
5914
5830
5938
5834
5926
5930
5956
5920
5920
5820
5970
5962
5882
5950
5950
5908
5952
5990
5892
5928
5966
5834
5860
5838
5864
5844
5918
5944
5924
5906
5814
5804
5972
5988
5814
5906
5898
5932
5874
5858
5828
5896
5872
5942
5788
5798
5870
5896
5906
5908
5932
5900
5888
6002
5854
5874
5858
5950
5956
5872
5904
5976
5982
5898
5914
5874
5846
5982
5876
5886
5866
5886
5922
5908
5910
5838
5868
5898
5784
5912
5868
5816
5860
5852
5938
5870
5940
5810
5916
5852
5856
5912
5884
5888
5846
5884
5924
5880
5868
5840
5824
5942
5808
5858
5938
5860
5906
5836
5872
5898
5882
5968
5864
5844
5860
5854
5800
5864
5946
5886
5940
5958
5960
5904
5940
5936
5884
5872
5932
5922
5904
5862
5954
5876
5854
5850
5900
5894
5910
5976
5856
5924
5952
6008
5798
5912
5974
5838
5844
5908
5952
5922
5888
5882
5834
5956
5984
5920
5912
5968
5882
5864
5876
5918
5952
5910
5782
5828
5916
5912
5894
5866
5838
5842
5843
5888
5882
5882
5880
5988
5834
5946
5940
5880
5816
5880
5862
5970
5846
5908
5852
5962
5954
5992
5906
5842
5886
5950
5842
5926
5888
5930
5838
5860
5902
5866
5816
5790
5894
5886
5864
5904
5934
5894
5984
5958
5854
5975
5766
5840
5858
5850
5864
