900
890
868
858
898
878
870
872
858
860
880
898
875
850
898
898
896
914
870
886
890
892
854
878
908
926
934
896
884
888
914
872
882
878
914
892
918
888
868
900
872
884
879
904
892
870
921
914
918
920
848
876
874
880
896
931
862
872
888
900
928
883
890
876
880
922
874
892
924
928
886
902
892
864
872
898
874
900
872
878
894
882
884
896
892
860
891
860
874
886
882
892
902
874
872
866
914
936
907
878
894
852
894
846
868
893
888
862
856
940
880
890
876
878
884
908
888
894
892
846
873
876
884
872
854
878
850
898
858
895
848
936
886
898
892
910
886
870
876
902
910
910
910
886
892
874
910
880
880
870
878
858
890
890
890
904
895
918
885
894
906
868
874
874
874
890
878
892
876
900
844
910
902
876
897
900
886
924
908
882
920
868
890
910
850
891
909
862
886
897
878
882
893
874
870
868
898
910
878
850
908
882
894
900
878
918
924
878
888
892
924
890
864
902
890
904
874
892
890
890
872
892
884
920
927
906
890
880
908
878
874
894
888
894
860
900
864
902
868
848
874
888
890
900
900
880
870
908
906
860
892
880
894
870
898
896
884
891
916
888
877
872
916
886
896
870
876
888
920
890
884
854
875
878
914
892
888
900
854
858
870
880
900
871
902
918
898
926
930
910
882
878
874
876
884
892
874
880
890
890
874
854
850
882
894
876
888
922
879
890
892
864
886
884
903
908
874
861
890
894
888
864
886
890
870
906
872
912
864
896
908
862
922
876
877
890
890
898
888
838
868
872
864
892
816
871
906
866
923
876
882
884
894
888
890
866
906
902
870
908
902
886
848
880
924
896
880
890
906
918
920
886
872
868
916
880
886
920
898
889
912
882
900
893
880
875
924
887
910
904
906
902
906
880
884
932
866
908
899
876
894
910
912
888
878
906
896
870
898
864
872
908
890
904
894
888
904
879
860
889
876
872
892
914
892
892
860
916
890
874
886
891
882
908
886
872
842
876
890
866
868
905
886
916
874
889
910
908
918
868
896
880
890
886
890
890
916
901
900
902
894
868
880
870
902
886
888
894
916
896
876
893
894
900
906
888
880
884
872
908
902
874
884
906
882
898
886
895
885
890
856
872
858
904
850
910
918
890
900
887
886
894
892
870
872
858
860
898
896
848
852
898
899
908
882
890
878
882
922
896
863
902
892
866
868
888
898
889
898
912
882
863
884
870
889
890
908
882
884
908
878
854
885
910
885
890
854
910
857
892
882
900
918
883
884
904
879
860
872
892
884
878
890
913
937
894
874
904
870
896
864
880
894
894
866
882
892
906
910
916
892
918
896
878
904
900
896
900
894
918
884
904
930
888
898
902
936
878
878
900
896
876
916
874
926
888
896
860
896
886
876
888
896
884
848
902
880
906
900
902
908
860
904
869
878
856
902
882
890
906
856
888
892
879
882
862
908
900
912
875
876
870
898
874
906
862
908
886
882
874
894
890
896
859
884
864
892
896
912
862
892
904
890
882
878
892
868
892
914
858
918
878
865
882
888
900
863
851
886
894
890
902
882
898
874
896
848
856
878
884
898
880
898
890
870
892
906
880
868
866
888
856
898
864
872
892
862
880
888
888
878
910
874
868
902
894
896
896
914
890
892
870
890
926
870
872
858
880
886
914
896
885
876
876
896
872
896
884
882
878
878
888
866
932
875
876
884
904
872
878
922
886
886
890
888
850
882
878
894
920
864
892
888
882
896
876
885
878
888
897
902
870
894
896
870
865
890
917
872
890
882
880
887
890
902
914
876
892
844
862
895
888
892
938
890
898
880
904
862
888
882
926
848
893
912
862
917
898
874
942
900
888
848
890
882
890
898
883
868
870
874
896
886
880
906
900
892
938
866
892
878
870
868
903
930
886
878
892
896
924
874
926
889
920
890
902
894
922
864
882
882
888
874
910
871
884
890
928
858
880
886
880
888
876
852
884
879
908
884
906
852
874
890
874
866
865
874
884
836
886
898
885
878
856
914
884
924
904
887
854
872
906
898
898
888
872
900
862
932
914
876
904
888
898
882
894
928
920
900
896
896
860
928
889
888
900
888
890
902
914
872
924
902
910
882
890
896
894
876
906
890
890
898
924
846
886
874
870
892
896
910
890
924
884
916
902
908
888
872
906
940
870
872
880
898
900
860
890
840
889
898
896
872
870
876
914
918
898
884
894
950
870
894
868
886
882
886
850
874
866
908
906
904
894
911
884
884
900
874
874
874
898
914
878
920
862
902
861
932
872
