5796
5870
5884
5888
5850
5804
5824
5884
5858
5848
5894
5864
5874
5812
5786
5904
5816
5832
5912
5842
5940
5828
5836
5878
5866
5848
5750
5818
5902
5888
5846
5816
5854
5922
5818
5766
5834
5804
5866
5884
5804
5784
5840
5864
5916
5926
5834
5796
5882
5824
5862
5794
5894
5870
5950
5864
5816
5854
5790
5836
5740
5894
5734
5932
5828
5924
5840
5852
5854
5798
5804
5876
5864
5840
5774
5872
5844
5906
5852
5916
5888
5786
5826
5836
5894
5910
5798
5784
5774
5776
5852
5852
5846
5790
5856
5868
5840
5862
5784
5842
5856
5816
5852
5834
5826
5868
5790
5886
5822
5814
5836
5892
5892
6012
5870
5978
5812
5914
5902
5838
5782
5878
5798
5936
5826
5886
5874
5810
5850
5844
5818
5848
5874
5842
5770
5820
5824
5788
5876
5822
5824
5772
5946
5744
5896
5818
5802
5802
5798
5810
5876
5856
5828
5868
5912
5856
5842
5820
5908
5880
5830
5766
5858
5890
5844
5948
5822
5794
5810
5890
5836
5830
5842
5814
5856
5920
5856
5820
5838
5940
5782
5820
5974
5808
5872
5910
5840
5846
5842
5814
5956
5940
5778
5850
5856
5842
5794
5842
5858
5766
5864
5834
5836
5872
5824
5920
5832
5856
5864
5822
5862
5800
5902
5896
5910
5910
5862
5848
5814
5850
5822
5864
5826
5908
5882
5832
5914
5814
5780
5858
5892
5920
5834
5772
5882
5870
5882
5836
5944
5880
5802
5870
5848
5792
5808
5784
5860
5764
5900
5742
5860
5968
5882
5856
5850
5898
5918
5910
5836
5910
5824
5876
5852
5954
5852
5800
5904
5886
5810
5898
5856
5912
5830
5896
5838
5884
5876
5806
5828
5818
5914
5840
5954
5884
5808
5864
5880
5864
5828
5860
5782
5850
5918
5980
5880
5842
5756
5756
5848
5828
5874
5888
5896
5844
5800
5742
5864
5834
5918
5850
5886
5814
5804
5812
5792
5856
5986
5832
5894
5818
5898
5830
5820
5802
5880
5880
5906
5948
5818
5856
5856
5860
5816
5860
5882
5908
5852
5808
5824
5806
5792
5908
5834
5820
5908
5856
5870
5788
5878
5874
5972
5884
5810
5810
5924
5790
5810
5768
5826
5846
5834
5794
5860
5882
5930
5892
5888
5736
5834
5896
5788
5860
5806
5890
5898
5760
5928
5852
5800
5862
5862
5900
5828
5770
5732
5806
5894
5910
5870
5876
5806
5812
5790
5806
5926
5946
5816
5796
5948
5838
5938
5812
5894
5896
5868
5804
5864
5936
5852
5866
5890
5854
5922
5832
5824
5816
5844
5876
5848
5814
5830
5914
5856
5760
5940
5822
5778
5862
5862
5916
5854
5856
5856
5866
5860
5734
5806
5840
5838
5792
5954
5800
5774
5846
5822
5804
5818
5912
5860
5910
5910
5796
5750
5836
5838
5882
5876
5824
5760
5886
5810
5882
5838
5746
5780
5910
5844
5994
5808
5772
5836
5812
5826
5834
5824
5818
5858
5910
5856
5846
5758
5872
5840
5842
5810
5832
5818
5882
5880
5748
5788
5832
5882
5954
5928
5772
5868
5878
5860
5746
5858
5882
5860
5784
5850
5838
5800
5934
5806
5810
5878
5780
5808
5838
5832
5896
5758
5836
5844
5864
5912
5970
5764
5824
5940
5838
5878
5944
5934
5864
5796
5802
5830
5792
5886
5912
5820
5810
5846
5874
5854
5778
5850
5824
5798
5796
5778
5890
5948
5782
5868
5792
5942
5952
5846
5878
5854
5932
5942
5844
5908
5932
5832
5854
5902
5832
5962
5848
5862
5878
5876
5786
5782
5898
5858
5764
5832
5838
5868
5878
5892
5882
5808
5838
5876
5814
5878
5872
5934
5848
5858
5858
5778
5926
5836
5816
5886
5860
5780
5916
5916
5828
5778
5870
5874
5848
5948
5918
5810
5804
5816
5802
5746
5830
5822
5826
5766
5946
5848
5858
5786
5946
5826
5946
5836
5830
5774
5898
5856
5888
5804
5850
5870
5874
5836
5780
5832
5768
5828
5848
5822
5842
5892
5844
5860
5856
5876
5844
5872
5876
5818
5824
5776
5814
5868
5884
5836
5852
5826
5948
5792
5924
5840
5824
5830
5806
5870
5862
5766
5790
5880
5880
5790
5908
5854
5920
5866
5802
5834
5834
5846
5894
5848
5902
5862
5898
5886
5826
5880
5912
5872
5914
5912
5926
5850
5878
5900
5866
5892
5968
5782
5834
5796
5834
5858
5788
5762
5862
5840
5864
5858
5812
5886
5814
5882
5836
5794
5774
5844
5884
5866
5840
5844
5728
5870
5862
5828
5884
5876
5854
5774
5900
5878
5812
5840
5912
5826
5922
5720
5878
5848
5918
5848
5892
5928
5860
5838
5812
5864
5894
5892
5798
5826
5856
5960
5922
5790
5862
5910
5948
5802
5804
5904
5942
5952
5868
5842
5850
5902
5804
5912
5940
5884
5842
5798
5872
5718
5846
5808
5846
5856
5872
5912
5818
5862
5814
5890
5800
5850
5924
5850
5770
5832
5836
5858
5844
5812
5768
5810
5772
5870
5888
5830
5908
5874
5778
5764
5814
5834
5820
5840
5878
5766
5834
5810
5898
5810
5834
5896
5890
5854
5834
5786
5888
5738
5854
5836
5750
5684
5856
5892
5842
5836
5850
5860
5946
5822
5806
5868
5906
5822
5738
5864
5870
5852
5870
5876
5734
5890
5886
5894
5718
5838
5790
5864
5826
5818
5854
5838
5848
5872
5808
5812
5876
5810
5764
5902
5814
5836
5872
5892
5814
5714
5860
5802
5938
5910
5846
5832
5844
5832
5846
5822
5828
5878
5890
5876
5736
5844
5872
5826
5816
5758
5826
5892
5900
5728
5850
5864
5794
5832
5820
5890
5756
5842
5730
5836
5836
5860
5850
5846
5882
5814
5798
5822
5858
5820
5886
5772
5790
5836
5820
5794
5842
5990
5794
5916
5806
5858
5820
5800
5820
5804
5826
5826
5872
5828
5934
5820
5866
5814
5860
5808
5922
5822
5892
5858
5798
5880
5784
5844
5902
5786
5814
5828
5722
5914
5822
5928
5866
5856
5796
5876
5782
5762
5864
5842
5846
5852
5874
5868
5948
5884
5850
5880
5856
5872
5810
5784
5896
5906
5748
5864
5826
5830
5912
5880
5856
5922
5904
5930
5760
5890
5752
5900
5792
5870
5828
5840
5872