251
2546
174 70 5
174 91 1
174 108 10
174 129 9
70 129 8
70 108 9
70 174 5
120 57 4
120 65 4
120 82 5
120 121 4
120 135 2
120 147 5
120 228 2
120 92 10
120 138 1
120 54 5
120 146 3
238 61 5
238 200 7
238 64 6
238 97 3
91 63 10
91 114 10
91 174 1
91 234 6
91 243 2
194 106 6
194 132 9
194 144 10
194 244 6
194 180 2
194 85 7
194 107 6
132 144 3
132 180 10
132 244 4
132 85 1
132 107 2
132 106 1
132 194 9
93 123 3
93 133 4
93 172 3
93 236 1
93 140 2
93 173 6
93 206 10
137 56 5
137 88 5
137 113 2
137 129 5
137 160 6
137 235 2
88 62 6
88 112 7
88 131 7
88 137 5
88 195 4
88 235 4
62 88 6
62 131 10
62 195 8
62 235 10
62 90 4
62 112 8
235 62 10
235 88 4
235 113 2
235 131 2
235 137 2
235 160 9
250 73 2
250 204 10
250 230 8
250 190 1
250 159 4
250 162 7
250 171 2
250 187 8
250 224 7
250 201 6
250 178 9
206 102 6
206 109 1
206 140 4
206 211 4
206 222 2
206 111 8
206 157 10
206 220 7
206 197 5
206 123 8
206 215 5
206 93 10
206 208 6
140 93 2
140 102 10
140 109 9
140 206 4
140 211 9
140 222 6
140 111 2
140 157 10
140 197 6
140 220 3
140 123 10
140 215 1
123 102 9
123 109 8
123 140 10
123 206 8
123 211 2
123 215 9
123 222 8
123 111 2
123 157 8
123 197 10
123 220 3
123 93 3
123 208 8
166 69 6
166 119 3
166 125 2
166 143 8
166 173 2
166 172 9
166 214 3
166 192 1
166 181 8
166 156 8
173 58 7
173 93 6
173 119 1
173 125 6
173 214 7
173 236 5
173 198 5
173 181 8
173 156 2
173 143 8
173 166 2
173 126 9
173 172 4
181 119 3
181 125 9
181 143 8
181 214 10
181 173 8
181 172 6
181 166 8
181 156 2
214 119 1
214 125 7
214 143 4
214 172 3
214 166 3
214 156 1
214 236 4
214 181 10
214 239 1
214 173 7
125 119 5
125 156 6
125 166 2
125 172 1
125 173 6
125 143 10
125 198 5
125 181 9
125 214 7
125 236 2
119 125 5
119 156 5
119 181 3
119 185 3
119 209 5
119 214 1
119 58 2
119 173 1
119 152 6
119 198 9
119 143 9
119 166 3
156 119 5
156 125 6
156 214 1
156 239 4
156 236 6
156 198 7
156 181 2
156 173 2
156 172 4
156 143 5
156 166 8
172 93 3
172 125 1
172 214 3
172 246 8
172 239 8
172 236 10
172 181 6
172 173 4
172 155 4
172 143 1
172 166 9
172 133 3
172 156 4
236 125 2
236 143 5
236 239 4
236 173 5
236 172 10
236 156 6
236 93 1
236 214 4
236 133 2
236 155 4
239 143 7
239 246 10
239 196 3
239 172 8
239 156 4
239 214 1
239 236 4
239 133 10
239 155 5
246 239 10
246 196 4
246 172 8
246 155 6
133 155 4
133 172 3
133 239 10
133 93 4
133 236 2
155 133 4
155 143 6
155 246 6
155 239 5
155 236 4
155 196 6
155 172 4
51 105 4
51 249 7
51 98 1
51 186 2
51 81 7
51 202 5
51 145 6
51 233 3
51 60 5
51 49 4
217 96 10
217 233 3
217 202 6
217 49 7
162 230 7
162 250 7
162 170 4
162 121 1
162 187 3
162 57 6
162 178 4
162 190 1
162 47 2
170 221 3
170 191 2
170 187 2
170 178 3
170 190 3
170 47 5
170 151 3
170 162 4
178 73 3
178 204 1
178 187 8
178 170 3
178 190 6
178 47 8
178 151 3
178 250 9
178 162 4
187 73 9
187 204 7
187 178 8
187 170 2
187 190 9
187 47 6
187 151 7
187 250 8
187 162 3
47 187 6
47 178 8
47 170 5
47 162 2
49 84 6
49 105 6
49 145 4
49 217 7
49 218 1
49 202 5
49 249 7
49 233 8
49 186 5
49 51 4
49 46 6
84 96 1
84 105 5
84 202 2
84 218 2
84 49 6
84 68 6
84 233 6
84 46 2
233 84 6
233 105 2
233 145 8
233 217 3
233 218 6
233 202 3
233 249 1
233 46 1
233 49 8
233 51 3
233 186 1
136 231 9
136 87 5
136 109 8
136 142 8
136 43 4
136 72 4
136 182 6
197 102 1
197 109 8
197 140 6
197 206 5
197 220 2
197 43 6
197 111 7
197 157 8
197 182 3
197 123 10
197 215 5
75 110 7
75 184 9
75 216 5
75 127 1
75 39 3
127 75 1
127 110 8
127 184 1
127 216 4
127 39 2
184 65 10
184 75 9
184 110 5
184 216 8
184 127 1
184 138 1
184 39 4
216 65 2
216 75 5
216 110 2
216 184 8
216 127 4
216 138 2
216 39 7
39 75 3
39 110 9
39 127 2
39 184 4
39 216 7
96 84 1
96 116 8
96 217 10
96 46 1
96 38 6
96 77 9
96 154 8
53 94 8
53 152 4
53 227 5
53 78 5
53 188 9
53 232 7
53 103 6
53 169 7
53 209 7
53 33 6
94 98 9
94 161 4
94 177 6
94 205 5
94 227 1
94 45 8
94 33 9
94 53 8
94 145 8
94 203 10
94 249 4
94 188 10
94 50 5
94 186 8
94 232 9
94 169 2
94 192 8
145 60 2
145 98 8
145 105 1
145 169 8
145 202 5
145 205 5
145 249 10
145 51 6
145 45 2
145 33 2
145 188 10
145 50 2
145 94 8
145 186 7
145 232 6
145 233 8
145 49 4
152 53 4
152 58 6
152 78 7
152 139 8
152 169 5
152 33 9
152 119 6
152 188 6
152 209 9
152 232 1
152 66 2
152 227 7
169 98 8
169 152 5
169 205 9
169 249 3
169 227 4
169 188 4
169 33 6
169 45 6
169 94 2
169 209 9
169 232 8
169 53 7
169 145 8
169 161 6
58 119 2
58 173 7
58 182 2
58 189 1
58 209 5
58 8 4
58 126 4
58 149 9
58 66 3
58 158 5
58 185 1
58 231 8
58 152 6
58 198 9
66 58 3
66 72 5
66 158 3
66 182 8
66 209 9
66 22 3
66 8 4
66 152 2
66 198 1
66 139 5
66 185 7
66 231 10
66 189 10
66 28 1
66 126 9
66 149 5
66 241 1
72 63 10
72 234 9
72 22 1
72 8 2
72 136 4
72 182 4
72 66 5
72 158 9
72 185 2
72 231 9
72 189 3
72 28 9
72 149 10
72 241 8
158 58 5
158 72 9
158 102 10
158 198 2
158 189 6
158 182 7
158 8 7
158 66 3
158 43 8
158 231 3
158 185 10
158 126 2
158 149 10
182 58 2
182 72 4
182 102 7
182 109 7
182 136 6
182 197 3
182 189 7
182 231 2
182 185 1
182 8 7
182 66 8
182 158 7
182 43 10
182 126 1
182 149 9
185 58 1
185 72 2
185 119 3
185 198 1
185 231 7
185 182 1
185 189 6
185 28 8
185 8 8
185 22 4
185 66 7
185 158 10
185 126 8
185 149 1
189 58 1
189 63 7
189 72 3
189 234 10
189 182 7
189 149 2
189 241 10
189 28 3
189 139 7
189 231 3
189 185 6
189 8 8
189 22 3
189 66 10
189 158 6
231 58 8
231 72 9
231 198 4
231 185 7
231 126 9
231 149 2
231 136 9
231 182 2
231 189 3
231 28 2
231 8 10
231 22 5
231 66 10
231 158 3
32 116 2
32 229 10
32 38 10
32 242 10
32 154 1
17 55 9
17 100 10
17 130 1
17 148 2
17 179 3
17 167 9
17 118 9
17 141 1
17 99 1
17 237 1
17 7 4
55 100 9
55 118 10
55 141 3
55 148 2
55 17 9
55 7 1
118 141 6
118 148 8
118 55 10
118 99 6
118 7 1
118 168 3
118 179 5
118 237 6
118 17 9
141 55 3
141 100 2
141 118 6
141 148 4
141 163 10
141 17 1
141 7 4
148 55 2
148 100 5
148 118 8
148 167 3
148 17 2
148 7 1
148 130 8
148 141 4
148 163 3
167 130 5
167 134 7
167 148 3
167 237 3
167 17 9
167 15 1
167 7 7
179 99 6
179 118 5
179 130 3
179 7 5
179 237 5
179 17 3
8 58 4
8 72 2
8 102 4
8 198 3
8 189 8
8 182 7
8 231 10
8 185 8
8 66 4
8 158 7
8 43 1
8 126 3
8 149 7
207 150 6
207 40 8
207 25 10
207 67 3
207 210 8
105 84 5
105 145 1
105 186 8
105 202 1
105 218 1
105 249 2
105 51 4
105 46 10
105 33 5
105 6 7
105 233 2
105 49 6
218 56 2
218 84 2
218 202 9
218 105 1
218 6 9
218 68 6
218 233 6
218 46 6
218 49 1
218 27 6
19 95 9
19 52 5
19 87 7
19 142 9
19 15 9
19 36 3
19 3 9
130 100 10
130 148 8
130 15 1
130 7 4
130 134 10
130 167 5
130 237 3
130 17 1
130 179 3
130 14 1
33 78 1
33 103 3
33 105 5
33 152 9
33 202 7
33 249 2
33 227 8
33 188 7
33 169 6
33 161 10
33 53 6
33 145 2
33 6 10
33 94 9
33 209 1
33 232 3
33 186 4
232 98 10
232 152 1
232 205 10
232 249 1
232 227 8
232 188 9
232 161 5
232 45 3
232 192 7
232 169 8
232 33 3
232 53 7
232 145 6
232 94 9
232 209 1
227 53 5
227 78 9
227 103 4
227 139 2
227 152 7
227 169 4
227 6 9
227 94 1
227 209 6
227 232 8
227 188 9
227 27 6
227 33 8
28 63 2
28 72 9
28 139 4
28 241 10
28 234 6
28 189 3
28 185 8
28 66 1
28 231 2
28 22 10
103 53 6
103 241 3
103 33 3
103 27 7
103 6 9
103 139 8
103 227 4
103 78 6
103 188 3
6 68 9
6 103 9
6 105 7
6 218 9
6 227 9
6 33 10
6 56 1
6 78 7
6 27 3
6 5 2
205 59 6
205 60 8
205 81 10
205 98 4
205 145 5
205 50 4
205 45 8
205 1 5
205 94 5
205 232 10
205 223 7
205 177 10
205 16 9
205 226 5
205 203 4
205 69 2
205 115 3
205 161 8
205 192 10
205 169 9
56 113 7
56 129 5
56 218 2
56 27 7
56 6 1
56 5 3
56 68 2
56 137 5
56 160 10
56 79 9
56 240 6
78 53 5
78 139 9
78 152 7
78 209 3
78 227 9
78 6 7
78 5 10
78 79 4
78 33 1
78 188 9
78 27 7
78 103 6
78 241 6
79 63 4
79 78 4
79 113 1
79 129 4
79 139 5
79 160 8
79 241 10
79 5 10
79 27 2
79 56 9
79 240 7
139 63 8
139 78 9
139 152 8
139 66 5
139 227 2
139 234 1
139 27 7
139 79 5
139 240 4
139 103 8
139 241 8
139 22 6
139 189 7
139 5 7
139 28 4
160 56 10
160 79 8
160 113 2
160 129 7
160 240 4
160 235 9
160 137 6
160 5 6
241 63 10
241 66 1
241 72 8
241 78 6
241 103 3
241 139 8
241 234 6
241 27 10
241 79 10
241 240 7
241 22 5
241 189 10
241 5 10
241 28 10
42 89 5
42 122 9
42 199 8
42 183 9
42 171 3
42 18 9
42 29 9
42 82 3
42 13 3
42 36 9
42 37 7
102 109 10
102 126 3
102 140 10
102 182 7
102 206 6
102 111 10
102 157 8
102 158 10
102 43 10
102 123 9
102 215 2
102 8 4
102 197 1
102 220 1
5 78 10
5 113 3
5 129 9
5 139 7
5 241 10
5 160 6
5 27 7
5 6 2
5 56 3
5 79 10
5 240 7
204 73 2
204 108 8
204 187 7
204 159 7
204 151 4
204 250 10
204 201 7
204 190 3
204 178 1
204 2 5
38 96 6
38 116 3
38 229 10
38 77 1
38 242 10
38 154 7
38 32 10
38 4 5
237 99 1
237 118 6
237 130 3
237 179 5
237 167 3
237 17 1
237 7 1
240 56 6
240 79 7
240 113 4
240 139 4
240 241 7
240 160 4
240 63 9
240 129 1
240 27 10
240 5 7
41 90 10
41 117 6
41 221 3
41 248 1
41 191 9
41 165 2
41 151 5
41 195 5
41 76 8
41 21 5
46 77 2
46 84 2
46 96 1
46 105 10
46 218 6
46 49 6
46 68 5
46 233 1
46 4 10
245 71 3
245 83 9
245 153 1
245 208 9
245 211 2
245 247 1
245 9 4
245 31 3
245 12 8
245 144 7
245 213 10
245 44 6
245 180 2
77 96 9
77 116 1
77 229 8
77 46 2
77 38 1
77 4 5
77 154 9
77 242 8
154 96 8
154 116 3
154 229 5
154 77 9
154 242 2
154 38 7
154 32 1
154 4 7
25 67 4
25 212 5
25 226 4
25 40 8
25 1 9
25 223 5
25 16 1
25 115 7
25 207 10
25 210 5
25 164 6
25 81 6
25 150 5
224 122 3
224 243 4
224 250 7
224 201 1
224 199 1
224 171 2
224 159 1
224 18 1
224 29 3
224 114 10
224 183 3
50 60 7
50 81 3
50 98 7
50 145 2
50 205 4
50 192 6
50 161 10
50 1 9
50 45 6
50 249 4
50 226 3
50 203 5
50 223 10
50 177 6
50 16 3
50 94 5
50 186 2
249 60 3
249 98 5
249 105 2
249 145 10
249 202 8
249 169 3
249 45 10
249 94 4
249 232 1
249 186 8
249 33 2
249 233 1
249 49 7
249 188 5
249 50 4
249 51 7
100 55 9
100 148 5
100 17 10
100 7 5
100 130 10
100 141 2
100 163 7
3 80 9
3 111 1
3 15 10
3 52 1
3 19 9
3 87 7
3 109 7
3 142 1
3 43 9
202 84 2
202 105 1
202 145 5
202 218 9
202 51 5
202 249 8
202 217 6
202 33 7
202 233 3
202 49 5
202 186 5
59 192 9
59 203 4
59 205 6
59 212 5
59 34 7
59 10 2
59 69 6
59 115 4
59 164 8
59 210 8
59 24 1
59 1 2
59 177 3
59 223 5
59 16 4
60 81 6
60 98 9
60 145 2
60 186 7
60 205 8
60 51 5
60 50 7
60 45 4
60 1 5
60 226 3
60 249 3
7 55 1
7 100 5
7 130 4
7 148 1
7 179 5
7 167 7
7 17 4
7 118 1
7 141 4
7 99 9
7 237 1
201 73 4
201 108 7
201 204 7
201 224 1
201 250 6
201 190 1
201 159 3
201 2 2
2 73 5
2 108 7
2 131 5
2 204 5
2 221 5
2 165 1
2 151 10
2 195 9
2 201 2
2 190 5
192 59 9
192 98 5
192 205 10
192 226 8
192 203 9
192 223 5
192 177 8
192 166 1
192 1 9
192 45 6
192 50 6
192 94 8
192 232 7
192 69 6
192 115 4
192 161 4
198 119 9
198 125 5
198 156 7
198 126 7
198 149 3
198 8 3
198 231 4
198 185 1
198 66 1
198 158 2
198 58 9
198 173 5
4 116 10
4 229 1
4 38 5
4 68 9
4 46 10
4 77 5
4 242 4
4 154 7
203 59 4
203 81 7
203 94 10
203 98 5
203 205 4
203 212 10
203 226 1
203 192 9
203 210 10
203 164 5
203 1 4
203 45 1
203 223 4
203 177 10
203 16 1
203 50 5
203 69 5
203 115 3
203 161 10
81 60 6
81 98 1
81 150 9
81 205 10
81 51 7
81 50 3
81 45 4
81 40 2
81 25 6
81 16 3
81 1 4
81 203 7
81 226 7
247 86 6
247 144 8
247 11 1
247 124 3
247 9 10
247 12 9
247 83 8
247 106 1
247 107 1
247 153 7
247 245 1
247 176 6
48 110 6
48 138 8
48 225 10
48 168 6
48 92 4
48 147 7
48 65 9
48 219 4
48 30 5
150 67 6
150 81 9
150 207 6
150 212 5
150 226 5
150 1 8
150 25 5
150 164 2
150 210 3
150 223 7
150 16 1
150 40 10
69 59 6
69 166 6
69 192 6
69 203 5
69 205 2
69 45 1
69 10 7
69 24 9
69 1 8
69 115 4
69 161 10
69 177 3
69 223 7
161 69 10
161 98 6
161 205 8
161 177 7
161 192 4
161 169 6
161 1 1
161 45 8
161 33 10
161 188 8
161 50 10
161 94 4
161 232 5
161 226 2
161 203 10
45 60 4
45 81 4
45 98 2
45 145 2
45 205 8
45 50 6
45 69 1
45 161 8
45 1 7
45 223 10
45 177 7
45 249 10
45 226 7
45 203 1
45 192 6
45 169 6
45 94 8
45 232 3
45 186 8
244 104 2
244 132 4
244 193 8
244 175 2
244 106 2
244 194 6
244 85 7
244 107 8
244 20 4
142 95 3
142 136 8
142 87 7
142 43 10
142 19 9
142 36 7
142 3 1
113 56 7
113 129 10
113 160 2
113 235 2
113 240 4
113 68 1
113 79 1
113 137 2
113 5 3
210 59 8
210 67 7
210 150 3
210 212 5
210 164 8
210 115 5
210 207 8
210 223 9
210 16 8
210 25 5
210 226 9
210 203 10
210 1 9
210 40 10
11 106 9
11 107 3
11 124 8
11 247 1
11 176 1
16 59 4
16 115 8
16 212 6
16 223 3
16 50 3
16 40 2
16 25 1
16 1 2
16 67 10
16 205 9
16 81 3
16 150 1
16 226 10
16 203 1
16 210 8
16 164 9
215 80 5
215 102 2
215 109 10
215 206 5
215 208 7
215 211 2
215 222 5
215 111 10
215 157 10
215 220 4
215 197 5
215 123 9
215 31 7
215 213 10
215 52 10
215 71 3
215 140 1
126 102 3
126 149 10
126 182 1
126 198 7
126 8 3
126 185 8
126 231 9
126 66 9
126 158 2
126 58 4
126 173 9
223 59 5
223 150 7
223 205 7
223 212 10
223 226 10
223 203 4
223 192 5
223 210 9
223 164 10
223 69 7
223 115 5
223 50 10
223 45 10
223 34 5
223 25 5
223 177 6
223 16 3
223 24 5
223 1 10
24 59 1
24 115 9
24 196 9
24 177 1
24 34 2
24 69 9
24 223 5
24 10 5
115 59 4
115 69 4
115 192 4
115 205 3
115 212 6
115 34 8
115 25 7
115 10 3
115 164 7
115 210 5
115 177 10
115 223 5
115 16 8
115 203 3
115 226 10
115 24 9
115 1 9
212 59 5
212 115 6
212 150 5
212 210 5
212 164 2
212 223 10
212 16 6
212 25 5
212 226 1
212 203 10
212 1 4
212 40 4
13 89 5
13 95 7
13 122 9
13 199 2
13 171 4
13 42 3
13 37 2
13 29 1
13 243 7
13 36 1
13 114 6
13 183 5
68 56 2
68 84 6
68 113 1
68 218 6
68 46 5
68 6 9
68 4 9
165 151 5
165 221 2
165 195 9
165 90 5
165 21 9
165 76 3
165 191 3
165 117 1
165 2 1
165 248 2
165 41 2
111 80 6
111 102 10
111 109 7
111 140 2
111 157 6
111 206 8
111 208 9
111 211 10
111 222 8
111 3 1
111 197 7
111 220 7
111 123 2
111 215 10
111 213 2
111 52 1
129 56 5
129 63 6
129 70 8
129 79 4
129 113 10
129 160 7
129 174 9
129 240 1
129 137 5
129 5 9
226 60 3
226 98 9
226 205 5
226 212 1
226 203 1
226 192 8
226 210 9
226 164 9
226 81 7
226 150 5
226 50 3
226 45 7
226 25 4
226 1 8
226 223 10
226 177 9
226 16 10
226 115 10
226 161 2
27 78 7
27 139 7
27 227 6
27 5 7
27 6 3
27 103 7
27 218 6
27 241 10
27 56 7
27 79 2
27 240 10
9 83 2
9 208 10
9 211 5
9 180 4
9 44 8
9 31 8
9 12 10
9 153 6
9 222 2
9 245 4
9 144 3
9 213 6
9 86 1
9 247 10
208 83 2
208 206 6
208 211 3
208 213 7
208 220 3
208 44 9
208 12 3
208 9 10
208 111 9
208 157 7
208 153 4
208 222 8
208 245 9
208 123 8
208 215 7
208 31 7
109 87 4
109 102 10
109 140 9
109 206 1
109 43 10
109 3 7
109 111 7
109 157 7
109 123 8
109 215 10
109 197 8
109 220 1
109 136 8
109 182 7
15 87 10
15 130 1
15 52 7
15 19 9
15 134 10
15 167 1
15 3 10
164 59 8
164 115 7
164 150 2
164 210 8
164 212 2
164 1 1
164 34 2
164 25 6
164 223 10
164 16 9
164 226 9
164 203 5
99 89 5
99 118 6
99 179 6
99 37 5
99 7 9
99 237 1
99 17 1
190 73 1
190 151 4
190 221 9
190 2 5
190 201 1
190 178 6
190 162 1
190 170 3
190 187 9
190 204 3
190 250 1
221 151 9
221 195 7
221 190 9
221 170 3
221 76 4
221 191 10
221 248 1
221 41 3
221 117 7
221 2 5
221 21 10
221 73 8
221 165 2
22 63 8
22 139 6
22 241 5
22 234 4
22 189 3
22 185 4
22 72 1
22 28 10
22 66 3
22 231 5
177 59 3
177 94 6
177 98 2
177 205 10
177 223 6
177 192 8
177 226 9
177 203 10
177 45 7
177 1 6
177 24 1
177 50 6
177 69 3
177 115 10
177 161 7
80 71 1
80 85 4
80 175 6
80 20 7
80 213 7
80 52 6
80 215 5
80 31 8
80 111 6
80 180 1
80 3 9
98 60 9
98 81 1
98 145 8
98 161 6
98 177 2
98 205 4
98 51 1
98 50 7
98 45 2
98 1 1
98 94 9
98 186 10
98 232 10
98 169 8
98 192 5
98 203 5
98 226 9
98 249 5
1 59 2
1 60 5
1 98 1
1 205 5
1 212 4
1 192 9
1 50 9
1 45 7
1 25 9
1 81 4
1 150 8
1 223 10
1 177 6
1 16 2
1 69 8
1 115 9
1 161 1
1 226 8
1 203 4
1 210 9
1 164 1
200 61 2
200 238 7
200 64 1
200 97 6
200 26 4
195 76 10
195 88 4
195 221 7
195 165 9
195 90 3
195 21 9
195 41 5
195 62 8
195 131 4
195 117 7
195 2 9
242 116 5
242 229 6
242 38 10
242 32 10
242 4 4
242 77 8
242 154 2
43 182 10
43 136 4
43 158 8
43 87 8
43 109 10
43 142 10
43 197 6
43 8 1
43 102 10
43 3 9
151 170 3
151 178 3
151 187 7
151 190 4
151 191 3
151 204 4
151 221 9
151 2 10
151 73 10
151 165 5
151 41 5
131 62 10
131 88 7
131 108 8
131 195 4
131 235 2
131 90 7
131 2 5
108 70 9
108 73 1
108 131 8
108 174 10
108 201 7
108 204 8
108 2 7
73 108 1
73 187 9
73 204 2
73 221 8
73 151 10
73 250 2
73 190 1
73 201 4
73 178 3
73 2 5
87 3 7
87 109 4
87 142 7
87 43 8
87 52 6
87 19 7
87 136 5
87 15 10
149 58 9
149 72 10
149 126 10
149 182 9
149 189 2
149 198 3
149 185 1
149 231 2
149 66 5
149 158 10
149 8 7
52 71 2
52 87 6
52 111 1
52 134 6
52 215 10
52 19 5
52 15 7
52 80 6
52 3 1
116 96 8
116 229 9
116 38 3
116 32 2
116 4 10
116 77 1
116 154 3
116 242 5
229 116 9
229 38 10
229 32 10
229 4 1
229 77 8
229 242 6
229 154 5
30 110 5
30 138 6
30 228 3
30 225 3
30 168 2
30 92 8
30 147 1
30 48 5
30 65 10
30 219 4
222 140 6
222 153 3
222 206 2
222 208 8
222 211 2
222 213 7
222 220 5
222 9 2
222 44 6
222 123 8
222 215 5
222 31 1
222 111 8
222 157 8
23 54 9
23 74 3
23 121 8
23 146 4
23 57 3
23 35 3
213 71 8
213 80 7
213 83 6
213 144 4
213 208 7
213 211 4
213 220 1
213 9 6
213 44 8
213 111 2
213 180 4
213 157 2
213 153 7
213 222 7
213 245 10
213 215 10
213 31 9
213 12 6
14 104 9
14 193 2
14 175 2
14 101 9
14 134 3
14 130 1
14 163 2
14 20 5
211 140 9
211 206 4
211 208 3
211 213 4
211 220 10
211 9 5
211 44 7
211 153 10
211 222 2
211 245 2
211 123 2
211 215 2
211 31 6
211 111 10
211 157 8
12 83 2
12 208 3
12 44 10
12 31 6
12 9 10
12 86 1
12 247 9
12 153 6
12 245 8
12 176 8
12 144 2
12 213 6
180 71 8
180 80 1
180 85 4
180 132 10
180 194 2
180 175 9
180 9 4
180 20 9
180 31 7
180 107 5
180 153 1
180 245 2
180 144 2
180 213 4
153 83 1
153 180 1
153 208 4
153 211 10
153 44 9
153 31 4
153 12 6
153 9 6
153 144 5
153 213 7
153 86 9
153 247 7
153 222 3
153 245 1
144 106 3
144 180 2
144 194 10
144 213 4
144 9 3
144 31 1
144 132 3
144 247 8
144 107 1
144 153 5
144 176 1
144 245 7
144 12 2
86 83 10
86 153 9
86 176 4
86 247 6
86 12 1
86 9 1
83 208 2
83 213 6
83 44 6
83 31 9
83 12 2
83 9 2
83 86 10
83 247 8
83 153 1
83 176 7
83 245 9
44 83 6
44 208 9
44 211 7
44 213 8
44 220 6
44 157 1
44 9 8
44 31 1
44 12 10
44 153 9
44 222 6
44 245 6
243 91 2
243 114 4
243 224 4
243 13 7
243 122 6
243 199 7
243 95 1
243 183 5
243 29 5
31 71 5
31 80 8
31 83 9
31 208 7
31 211 6
31 215 7
31 220 10
31 44 1
31 9 8
31 12 6
31 153 4
31 222 1
31 245 3
31 144 1
31 213 9
31 180 7
31 157 10
230 54 9
230 121 9
230 171 2
230 18 4
230 250 8
230 162 7
230 82 10
230 159 6
10 59 2
10 69 7
10 115 3
10 143 2
10 196 4
10 34 7
10 24 5
209 53 7
209 58 5
209 78 3
209 152 9
209 232 1
209 169 9
209 33 1
209 66 9
209 227 6
209 119 5
209 188 6
196 143 5
196 246 4
196 239 3
196 155 6
196 24 9
196 10 4
143 119 9
143 155 6
143 156 5
143 166 8
143 172 1
143 181 8
143 214 4
143 236 5
143 239 7
143 125 10
143 10 2
143 173 8
143 196 5
34 59 7
34 115 8
34 223 5
34 24 2
34 164 2
34 10 7
176 83 7
176 86 4
176 124 9
176 247 6
176 144 1
176 12 8
176 11 1
124 106 8
124 107 3
124 247 3
124 176 9
124 11 8
107 85 9
107 124 3
107 144 1
107 180 5
107 244 8
107 247 1
107 106 2
107 194 6
107 132 2
107 11 3
106 107 2
106 124 8
106 144 3
106 194 6
106 244 2
106 247 1
106 132 1
106 11 9
199 95 4
199 122 1
199 224 1
199 29 3
199 42 8
199 114 5
199 183 8
199 243 7
199 13 2
199 36 8
199 171 1
183 89 1
183 114 5
183 122 3
183 224 3
183 199 8
183 18 9
183 29 2
183 37 7
183 42 9
183 243 5
183 13 5
183 171 10
171 122 5
171 224 2
171 230 2
171 250 2
171 199 1
171 18 10
171 29 8
171 13 4
171 42 3
171 114 1
171 183 10
171 159 10
122 159 4
122 171 5
122 199 1
122 224 3
122 114 1
122 183 3
122 18 9
122 29 10
122 243 6
122 13 9
122 42 9
114 91 10
114 159 7
114 171 1
114 224 10
114 13 6
114 122 1
114 199 5
114 243 4
114 183 5
114 29 8
95 142 3
95 36 3
95 29 2
95 19 9
95 13 7
95 199 4
95 243 1
89 99 5
89 183 1
89 42 5
89 37 2
89 36 8
89 13 5
37 89 2
37 99 5
37 183 7
37 42 7
37 36 10
37 13 2
36 142 7
36 42 9
36 37 10
36 89 8
36 199 8
36 95 3
36 29 9
36 19 3
36 13 1
29 95 2
29 122 10
29 224 3
29 199 3
29 171 8
29 42 9
29 243 5
29 36 9
29 13 1
29 114 8
29 183 2
228 82 1
228 135 7
228 138 9
228 92 3
228 147 1
228 30 3
228 65 5
228 120 2
228 219 4
193 85 8
193 104 5
193 175 9
193 101 4
193 244 8
193 14 2
193 163 9
193 20 10
175 85 5
175 193 9
175 180 9
175 101 7
175 244 2
175 71 10
175 104 10
175 20 6
175 80 6
175 14 2
163 100 7
163 141 10
163 148 3
163 193 9
163 14 2
134 130 10
134 52 6
134 15 10
134 14 3
134 101 1
134 167 7
104 85 1
104 175 10
104 193 5
104 20 2
104 14 9
104 101 5
104 244 2
101 85 9
101 134 1
101 175 7
101 193 4
101 20 10
101 14 9
101 71 2
101 104 5
20 85 6
20 193 10
20 180 9
20 175 6
20 71 6
20 104 2
20 101 10
20 244 4
20 80 7
20 14 5
219 65 5
219 110 10
219 138 4
219 225 10
219 92 9
219 147 4
219 48 4
219 228 4
219 30 4
67 207 3
67 210 7
67 25 4
67 16 10
67 150 6
67 40 5
40 81 2
40 150 10
40 207 8
40 67 5
40 210 10
40 212 4
40 25 8
40 16 2
18 122 9
18 135 5
18 224 1
18 230 4
18 183 9
18 171 10
18 42 9
18 82 2
18 159 9
159 122 4
159 230 6
159 250 4
159 201 3
159 204 7
159 171 10
159 114 7
159 224 1
159 18 9
135 82 5
135 138 1
135 146 3
135 228 7
135 54 1
135 65 10
135 120 2
135 18 5
135 92 1
135 147 5
82 135 5
82 147 2
82 228 1
82 42 3
82 18 2
82 54 10
82 120 5
82 230 10
85 71 5
85 80 4
85 104 1
85 107 9
85 132 1
85 180 4
85 194 7
85 175 5
85 244 7
85 101 9
85 193 8
85 20 6
71 80 1
71 85 5
71 101 2
71 175 10
71 180 8
71 245 3
71 20 6
71 213 8
71 52 2
71 215 3
71 31 5
21 76 10
21 90 5
21 221 10
21 248 2
21 191 1
21 165 9
21 128 5
21 117 8
21 195 9
21 41 5
220 102 1
220 109 1
220 140 3
220 206 7
220 208 3
220 211 10
220 213 1
220 222 5
220 197 2
220 44 6
220 111 7
220 157 3
220 123 3
220 215 4
220 31 10
248 117 9
248 221 1
248 191 10
248 165 2
248 41 1
248 76 9
248 21 2
191 117 1
191 221 10
191 248 10
191 170 2
191 165 3
191 151 3
191 41 9
191 76 8
191 21 1
128 90 8
128 21 5
117 90 4
117 165 1
117 191 1
117 221 7
117 248 9
117 76 6
117 21 8
117 195 7
117 41 6
90 165 5
90 62 4
90 128 8
90 117 4
90 195 3
90 41 10
90 76 1
90 131 7
90 21 5
76 90 1
76 117 6
76 165 3
76 191 8
76 221 4
76 248 9
76 21 10
76 195 10
76 41 8
234 63 3
234 91 6
234 139 1
234 241 6
234 189 10
234 72 9
234 28 6
234 22 4
35 54 7
35 57 10
35 74 7
35 121 4
35 146 10
35 23 3
63 72 10
63 129 6
63 139 8
63 234 3
63 241 10
63 189 7
63 28 2
63 91 10
63 22 8
63 79 4
63 240 9
146 54 3
146 57 5
146 65 9
146 121 1
146 135 3
146 147 9
146 92 2
146 138 7
146 23 4
146 35 10
146 74 7
146 120 3
121 146 1
121 57 7
121 35 4
121 23 8
121 54 3
121 120 4
121 230 9
121 74 4
121 162 1
74 54 9
74 121 4
74 146 7
74 57 2
74 35 7
74 23 3
57 121 7
57 146 5
57 35 10
57 23 3
57 54 2
57 120 4
57 74 2
57 162 6
54 74 9
54 82 10
54 121 3
54 23 9
54 135 1
54 146 3
54 120 5
54 230 9
54 57 2
54 35 7
26 61 1
26 64 9
26 97 7
26 112 6
26 200 4
225 138 1
225 219 10
225 168 1
225 92 4
225 147 1
225 48 10
225 30 3
112 61 10
112 62 8
112 88 7
112 26 6
97 61 5
97 64 2
97 200 6
97 238 3
97 26 7
64 61 2
64 97 2
64 200 1
64 238 6
64 26 9
61 238 5
61 26 1
61 64 2
61 97 5
61 112 10
61 200 2
168 225 1
168 48 6
168 118 3
168 30 2
147 65 7
147 82 2
147 120 5
147 135 5
147 146 9
147 219 4
147 228 1
147 30 1
147 48 7
147 92 7
147 138 4
147 110 4
147 225 1
138 65 1
138 120 1
138 135 1
138 146 7
138 219 4
138 228 9
138 92 7
138 184 1
138 30 6
138 48 8
138 147 4
138 216 2
138 110 7
138 225 1
110 65 7
110 75 7
110 30 5
110 92 2
110 138 7
110 184 5
110 39 9
110 48 6
110 147 4
110 216 2
110 127 8
110 219 10
92 65 4
92 120 10
92 135 1
92 138 7
92 146 2
92 147 7
92 219 9
92 228 3
92 48 4
92 30 8
92 110 2
92 225 4
65 110 7
65 120 4
65 135 10
65 146 9
65 219 5
65 228 5
65 48 9
65 30 10
65 147 7
65 216 2
65 92 4
65 138 1
65 184 10
157 102 8
157 109 7
157 111 6
157 140 10
157 206 10
157 208 7
157 211 8
157 213 2
157 222 8
157 44 1
157 220 3
157 197 8
157 123 8
157 215 10
157 31 10
188 78 9
188 103 3
188 152 6
188 249 5
188 227 9
188 169 4
188 33 7
188 94 10
188 209 6
188 232 9
188 53 9
188 145 10
188 161 8
186 60 7
186 94 8
186 98 10
186 105 8
186 145 7
186 202 5
186 249 8
186 33 4
186 45 8
186 233 1
186 49 5
186 50 2
186 51 2
