1000
6000
622 722 4
622 623 1
622 612 8
622 632 2
622 522 5
622 621 8
621 630 2
621 721 5
621 622 8
621 611 3
621 631 9
621 521 1
620 611 7
620 720 5
620 610 10
620 630 10
620 520 2
620 619 1
619 719 2
619 620 1
619 609 5
619 629 8
619 519 10
619 618 9
618 718 5
618 619 9
618 608 10
618 628 10
618 518 5
618 617 7
617 717 5
617 618 7
617 607 4
617 627 1
617 517 10
617 616 2
616 716 8
616 617 2
616 606 10
616 626 4
616 516 4
616 615 6
615 715 1
615 616 6
615 605 1
615 625 4
615 515 7
615 614 9
614 714 1
614 615 9
614 604 4
614 624 3
614 514 5
614 613 4
613 713 5
613 614 4
613 603 1
613 623 8
613 513 10
613 612 1
612 712 6
612 613 1
612 602 7
612 622 8
612 512 1
612 611 4
611 620 7
611 711 3
611 612 4
611 601 8
611 621 3
611 511 5
610 710 3
610 700 4
610 601 3
610 620 10
610 510 8
610 609 10
609 699 10
609 709 7
609 610 10
609 619 5
609 509 10
609 608 2
608 698 10
608 708 8
608 609 2
608 618 10
608 508 7
608 607 8
607 697 9
607 707 2
607 608 8
607 617 4
607 507 9
607 606 7
606 696 8
606 706 1
606 607 7
606 616 10
606 506 1
606 605 7
605 695 8
605 705 1
605 606 7
605 615 1
605 505 8
605 604 5
604 694 10
604 704 1
604 605 5
604 614 4
604 504 2
604 603 5
603 693 5
603 703 2
603 604 5
603 613 1
603 503 10
603 602 1
602 692 10
602 702 3
602 603 1
602 612 7
602 502 2
602 601 4
601 691 4
601 610 3
601 701 9
601 602 4
601 611 8
601 501 6
600 510 3
600 591 8
600 700 6
600 590 2
600 500 9
600 599 2
599 509 9
599 699 2
599 600 2
599 589 9
599 499 7
599 598 5
598 508 5
598 698 7
598 599 5
598 588 10
598 498 6
598 597 5
597 507 6
597 697 6
597 598 5
597 587 10
597 497 1
597 596 9
596 506 8
596 696 9
596 597 9
596 586 9
596 496 4
596 595 1
595 505 10
595 695 6
595 596 1
595 585 2
595 495 2
595 594 5
594 504 3
594 694 9
594 595 5
594 584 4
594 494 7
594 593 3
593 503 2
593 693 2
593 594 3
593 583 1
593 493 5
593 592 5
592 502 3
592 692 2
592 593 5
592 582 8
592 492 4
592 591 8
591 491 2
591 691 5
591 592 8
591 581 9
591 600 8
591 501 3
590 581 10
590 690 4
590 580 8
590 600 2
590 490 5
590 589 9
589 689 4
589 590 9
589 579 5
589 599 9
589 489 8
589 588 4
588 688 7
588 589 4
588 578 9
588 598 10
588 488 7
588 587 8
587 687 6
587 588 8
587 577 5
587 597 10
587 487 6
587 586 9
586 686 10
586 587 9
586 576 1
586 596 9
586 486 9
586 585 6
585 685 2
585 586 6
585 575 7
585 595 2
585 485 7
585 584 1
584 684 2
584 585 1
584 574 3
584 594 4
584 484 2
584 583 5
583 683 2
583 584 5
583 573 9
583 593 1
583 483 10
583 582 6
582 682 4
582 583 6
582 572 8
582 592 8
582 482 10
582 581 1
581 590 10
581 681 4
581 582 1
581 571 8
581 591 9
581 481 4
580 571 6
580 680 5
580 570 3
580 590 8
580 480 8
580 579 7
579 679 3
579 580 7
579 569 7
579 589 5
579 479 6
579 578 4
578 678 3
578 579 4
578 568 1
578 588 9
578 478 2
578 577 8
577 677 3
577 578 8
577 567 3
577 587 5
577 477 6
577 576 9
576 676 3
576 577 9
576 566 8
576 586 1
576 476 8
576 575 2
575 675 9
575 576 2
575 565 10
575 585 7
575 475 3
575 574 2
574 674 4
574 575 2
574 564 10
574 584 3
574 474 3
574 573 9
573 673 4
573 574 9
573 563 2
573 583 9
573 473 10
573 572 5
572 672 8
572 573 5
572 562 10
572 582 8
572 472 2
572 571 9
571 580 6
571 671 4
571 572 9
571 561 1
571 581 8
571 471 8
570 561 1
570 670 6
570 560 5
570 580 3
570 470 10
570 569 7
569 669 4
569 570 7
569 559 7
569 579 7
569 469 5
569 568 7
568 668 3
568 569 7
568 558 4
568 578 1
568 468 10
568 567 9
567 667 9
567 568 9
567 557 4
567 577 3
567 467 4
567 566 1
566 666 10
566 567 1
566 556 9
566 576 8
566 466 2
566 565 6
565 665 5
565 566 6
565 555 2
565 575 10
565 465 6
565 564 10
564 664 3
564 565 10
564 554 10
564 574 10
564 464 2
564 563 10
563 663 8
563 564 10
563 553 1
563 573 2
563 463 1
563 562 10
562 662 8
562 563 10
562 552 9
562 572 10
562 462 2
562 561 1
561 570 1
561 661 8
561 562 1
561 551 7
561 571 1
561 461 9
560 551 7
560 660 8
560 550 4
560 570 5
560 460 10
560 559 1
559 659 2
559 560 1
559 549 3
559 569 7
559 459 7
559 558 5
558 658 6
558 559 5
558 548 5
558 568 4
558 458 1
558 557 6
557 657 2
557 558 6
557 547 8
557 567 4
557 457 7
557 556 3
556 656 5
556 557 3
556 546 2
556 566 9
556 456 2
556 555 9
555 655 6
555 556 9
555 545 7
555 565 2
555 455 8
555 554 2
554 654 10
554 555 2
554 544 8
554 564 10
554 454 7
554 553 7
553 653 9
553 554 7
553 543 10
553 563 1
553 453 8
553 552 2
552 652 10
552 553 2
552 542 8
552 562 9
552 452 2
552 551 4
551 560 7
551 651 4
551 552 4
551 541 8
551 561 7
551 451 9
550 541 3
550 650 9
550 540 3
550 560 4
550 450 2
550 549 5
549 649 4
549 550 5
549 539 3
549 559 3
549 449 10
549 548 1
548 648 9
548 549 1
548 538 1
548 558 5
548 448 8
548 547 6
547 647 3
547 548 6
547 537 6
547 557 8
547 447 1
547 546 9
546 646 7
546 547 9
546 536 6
546 556 2
546 446 8
546 545 10
545 645 1
545 546 10
545 535 6
545 555 7
545 445 8
545 544 6
544 644 6
544 545 6
544 534 2
544 554 8
544 444 6
544 543 9
543 643 1
543 544 9
543 533 2
543 553 10
543 443 3
543 542 5
542 642 10
542 543 5
542 532 9
542 552 8
542 442 6
542 541 8
541 550 3
541 641 10
541 542 8
541 531 6
541 551 8
541 441 8
540 531 10
540 640 5
540 530 2
540 550 3
540 440 8
540 539 1
539 639 1
539 540 1
539 529 2
539 549 3
539 439 5
539 538 4
538 638 8
538 539 4
538 528 3
538 548 1
538 438 9
538 537 4
537 637 4
537 538 4
537 527 6
537 547 6
537 437 8
537 536 5
536 636 7
536 537 5
536 526 1
536 546 6
536 436 6
536 535 1
535 635 4
535 536 1
535 525 5
535 545 6
535 435 6
535 534 2
534 634 3
534 535 2
534 524 4
534 544 2
534 434 10
534 533 1
533 633 10
533 534 1
533 523 2
533 543 2
533 433 1
533 532 1
532 632 9
532 533 1
532 522 1
532 542 9
532 432 2
532 531 6
531 540 10
531 631 6
531 532 6
531 521 5
531 541 6
531 431 5
530 521 9
530 630 1
530 520 10
530 540 2
530 430 1
530 529 2
529 629 7
529 530 2
529 519 10
529 539 2
529 429 7
529 528 1
528 628 1
528 529 1
528 518 5
528 538 3
528 428 8
528 527 3
527 627 1
527 528 3
527 517 6
527 537 6
527 427 8
527 526 10
526 626 1
526 527 10
526 516 6
526 536 1
526 426 9
526 525 9
525 625 8
525 526 9
525 515 7
525 535 5
525 425 6
525 524 4
524 624 9
524 525 4
524 514 4
524 534 4
524 424 2
524 523 5
523 623 3
523 524 5
523 513 3
523 533 2
523 423 6
523 522 10
522 622 5
522 523 10
522 512 1
522 532 1
522 422 7
522 521 4
521 530 9
521 621 1
521 522 4
521 511 4
521 531 5
521 421 7
520 511 2
520 620 2
520 510 1
520 530 10
520 420 2
520 519 7
519 619 10
519 520 7
519 509 2
519 529 10
519 419 10
519 518 6
518 618 5
518 519 6
518 508 10
518 528 5
518 418 3
518 517 7
517 617 10
517 518 7
517 507 4
517 527 6
517 417 6
517 516 2
516 616 4
516 517 2
516 506 3
516 526 6
516 416 8
516 515 4
515 615 7
515 516 4
515 505 4
515 525 7
515 415 10
515 514 8
514 614 5
514 515 8
514 504 7
514 524 4
514 414 6
514 513 7
513 613 10
513 514 7
513 503 2
513 523 3
513 413 6
513 512 10
512 612 1
512 513 10
512 502 8
512 522 1
512 412 3
512 511 7
511 520 2
511 611 5
511 512 7
511 501 2
511 521 4
511 411 2
510 610 8
510 600 3
510 501 2
510 520 1
510 410 9
510 509 7
509 599 9
509 609 10
509 510 7
509 519 2
509 409 4
509 508 3
508 598 5
508 608 7
508 509 3
508 518 10
508 408 5
508 507 5
507 597 6
507 607 9
507 508 5
507 517 4
507 407 7
507 506 10
506 596 8
506 606 1
506 507 10
506 516 3
506 406 8
506 505 5
505 595 10
505 605 8
505 506 5
505 515 4
505 405 7
505 504 1
504 594 3
504 604 2
504 505 1
504 514 7
504 404 5
504 503 3
503 593 2
503 603 10
503 504 3
503 513 2
503 403 10
503 502 1
502 592 3
502 602 2
502 503 1
502 512 8
502 402 10
502 501 1
501 591 3
501 510 2
501 601 6
501 502 1
501 511 2
501 401 1
500 410 1
500 491 10
500 600 9
500 490 10
500 400 4
500 499 1
499 409 5
499 599 7
499 500 1
499 489 8
499 399 10
499 498 9
498 408 9
498 598 6
498 499 9
498 488 2
498 398 10
498 497 2
497 407 9
497 597 1
497 498 2
497 487 3
497 397 10
497 496 8
496 406 6
496 596 4
496 497 8
496 486 10
496 396 9
496 495 4
495 405 2
495 595 2
495 496 4
495 485 1
495 395 5
495 494 9
494 404 2
494 594 7
494 495 9
494 484 8
494 394 10
494 493 4
493 403 7
493 593 5
493 494 4
493 483 8
493 393 2
493 492 4
492 402 1
492 592 4
492 493 4
492 482 1
492 392 2
492 491 8
491 391 5
491 591 2
491 492 8
491 481 7
491 500 10
491 401 6
490 481 2
490 590 5
490 480 5
490 500 10
490 390 6
490 489 5
489 589 8
489 490 5
489 479 7
489 499 8
489 389 8
489 488 3
488 588 7
488 489 3
488 478 6
488 498 2
488 388 2
488 487 5
487 587 6
487 488 5
487 477 5
487 497 3
487 387 10
487 486 2
486 586 9
486 487 2
486 476 3
486 496 10
486 386 4
486 485 7
485 585 7
485 486 7
485 475 1
485 495 1
485 385 3
485 484 6
484 584 2
484 485 6
484 474 1
484 494 8
484 384 5
484 483 5
483 583 10
483 484 5
483 473 6
483 493 8
483 383 5
483 482 6
482 582 10
482 483 6
482 472 1
482 492 1
482 382 9
482 481 3
481 490 2
481 581 4
481 482 3
481 471 4
481 491 7
481 381 7
480 471 4
480 580 8
480 470 8
480 490 5
480 380 9
480 479 3
479 579 6
479 480 3
479 469 3
479 489 7
479 379 7
479 478 4
478 578 2
478 479 4
478 468 2
478 488 6
478 378 8
478 477 9
477 577 6
477 478 9
477 467 10
477 487 5
477 377 2
477 476 7
476 576 8
476 477 7
476 466 2
476 486 3
476 376 2
476 475 4
475 575 3
475 476 4
475 465 6
475 485 1
475 375 10
475 474 9
474 574 3
474 475 9
474 464 5
474 484 1
474 374 10
474 473 8
473 573 10
473 474 8
473 463 8
473 483 6
473 373 10
473 472 6
472 572 2
472 473 6
472 462 7
472 482 1
472 372 6
472 471 9
471 480 4
471 571 8
471 472 9
471 461 10
471 481 4
471 371 4
470 461 10
470 570 10
470 460 4
470 480 8
470 370 8
470 469 5
469 569 5
469 470 5
469 459 4
469 479 3
469 369 6
469 468 10
468 568 10
468 469 10
468 458 4
468 478 2
468 368 7
468 467 8
467 567 4
467 468 8
467 457 9
467 477 10
467 367 7
467 466 4
466 566 2
466 467 4
466 456 9
466 476 2
466 366 3
466 465 9
465 565 6
465 466 9
465 455 4
465 475 6
465 365 9
465 464 7
464 564 2
464 465 7
464 454 10
464 474 5
464 364 10
464 463 9
463 563 1
463 464 9
463 453 5
463 473 8
463 363 7
463 462 6
462 562 2
462 463 6
462 452 7
462 472 7
462 362 7
462 461 7
461 470 10
461 561 9
461 462 7
461 451 4
461 471 10
461 361 2
460 451 5
460 560 10
460 450 1
460 470 4
460 360 10
460 459 6
459 559 7
459 460 6
459 449 5
459 469 4
459 359 1
459 458 10
458 558 1
458 459 10
458 448 9
458 468 4
458 358 5
458 457 2
457 557 7
457 458 2
457 447 5
457 467 9
457 357 3
457 456 10
456 556 2
456 457 10
456 446 2
456 466 9
456 356 10
456 455 6
455 555 8
455 456 6
455 445 5
455 465 4
455 355 9
455 454 2
454 554 7
454 455 2
454 444 4
454 464 10
454 354 9
454 453 7
453 553 8
453 454 7
453 443 1
453 463 5
453 353 1
453 452 8
452 552 2
452 453 8
452 442 8
452 462 7
452 352 7
452 451 5
451 460 5
451 551 9
451 452 5
451 441 3
451 461 4
451 351 6
450 441 10
450 550 2
450 440 4
450 460 1
450 350 4
450 449 9
449 549 10
449 450 9
449 439 3
449 459 5
449 349 5
449 448 4
448 548 8
448 449 4
448 438 5
448 458 9
448 348 10
448 447 6
447 547 1
447 448 6
447 437 10
447 457 5
447 347 9
447 446 2
446 546 8
446 447 2
446 436 9
446 456 2
446 346 3
446 445 3
445 545 8
445 446 3
445 435 6
445 455 5
445 345 2
445 444 8
204 104 9
204 203 3
204 214 1
204 294 8
204 205 8
204 304 8
205 105 9
205 204 8
205 215 7
205 295 9
205 206 5
205 305 2
206 106 3
206 205 5
206 216 2
206 296 10
206 207 1
206 306 4
207 107 10
207 206 1
207 217 4
207 297 2
207 208 8
207 307 1
208 108 10
208 207 8
208 218 7
208 298 10
208 209 8
208 308 5
623 633 9
623 523 3
623 622 1
623 624 2
623 613 8
623 723 9
624 634 5
624 524 9
624 623 2
624 625 1
624 614 3
624 724 6
625 635 8
625 525 8
625 624 1
625 626 4
625 615 4
625 725 1
626 636 5
626 526 1
626 625 4
626 627 7
626 616 4
626 726 2
627 637 6
627 527 1
627 626 7
627 628 6
627 617 1
627 727 6
628 638 8
628 528 1
628 627 6
628 629 3
628 618 10
628 728 3
629 639 4
629 529 7
629 628 3
629 630 6
629 619 8
629 729 10
630 621 2
630 640 8
630 530 1
630 629 6
630 620 10
630 730 1
631 640 2
631 641 9
631 531 6
631 632 3
631 621 9
631 731 1
632 642 9
632 532 9
632 631 3
632 633 9
632 622 2
632 732 7
633 643 5
633 533 10
633 632 9
633 634 6
633 623 9
633 733 5
634 644 5
634 534 3
634 633 6
634 635 9
634 624 5
634 734 9
635 645 8
635 535 4
635 634 9
635 636 1
635 625 8
635 735 4
636 646 9
636 536 7
636 635 1
636 637 5
636 626 5
636 736 9
637 647 4
637 537 4
637 636 5
637 638 1
637 627 6
637 737 7
638 648 6
638 538 8
638 637 1
638 639 8
638 628 8
638 738 3
639 649 2
639 539 1
639 638 8
639 640 8
639 629 4
639 739 3
640 631 2
640 650 8
640 540 5
640 639 8
640 630 8
640 740 1
641 650 1
641 651 10
641 541 10
641 642 3
641 631 9
641 741 5
642 652 3
642 542 10
642 641 3
642 643 4
642 632 9
642 742 1
643 653 1
643 543 1
643 642 4
643 644 2
643 633 5
643 743 8
644 654 5
644 544 6
644 643 2
644 645 3
644 634 5
644 744 3
645 655 4
645 545 1
645 644 3
645 646 2
645 635 8
645 745 4
646 656 10
646 546 7
646 645 2
646 647 7
646 636 9
646 746 8
647 657 6
647 547 3
647 646 7
647 648 1
647 637 4
647 747 3
648 658 4
648 548 9
648 647 1
648 649 1
648 638 6
648 748 8
649 659 6
649 549 4
649 648 1
649 650 10
649 639 2
649 749 1
650 641 1
650 660 2
650 550 9
650 649 10
650 640 8
650 750 8
651 660 4
651 661 1
651 551 4
651 652 4
651 641 10
651 751 4
652 662 8
652 552 10
652 651 4
652 653 2
652 642 3
652 752 2
653 663 10
653 553 9
653 652 2
653 654 9
653 643 1
653 753 6
654 664 8
654 554 10
654 653 9
654 655 3
654 644 5
654 754 2
655 665 6
655 555 6
655 654 3
655 656 6
655 645 4
655 755 2
656 666 9
656 556 5
656 655 6
656 657 5
656 646 10
656 756 2
657 667 5
657 557 2
657 656 5
657 658 7
657 647 6
657 757 1
658 668 10
658 558 6
658 657 7
658 659 4
658 648 4
658 758 4
659 669 9
659 559 2
659 658 4
659 660 5
659 649 6
659 759 6
660 651 4
660 670 5
660 560 8
660 659 5
660 650 2
660 760 6
661 670 7
661 671 2
661 561 8
661 662 7
661 651 1
661 761 9
662 672 10
662 562 8
662 661 7
662 663 5
662 652 8
662 762 8
663 673 9
663 563 8
663 662 5
663 664 9
663 653 10
663 763 10
664 674 1
664 564 3
664 663 9
664 665 6
664 654 8
664 764 10
665 675 5
665 565 5
665 664 6
665 666 1
665 655 6
665 765 2
666 676 10
666 566 10
666 665 1
666 667 1
666 656 9
666 766 5
667 677 2
667 567 9
667 666 1
667 668 10
667 657 5
667 767 9
668 678 9
668 568 3
668 667 10
668 669 2
668 658 10
668 768 8
669 679 9
669 569 4
669 668 2
669 670 9
669 659 9
669 769 8
670 661 7
670 680 6
670 570 6
670 669 9
670 660 5
670 770 6
671 680 9
671 681 1
671 571 4
671 672 7
671 661 2
671 771 4
672 682 7
672 572 8
672 671 7
672 673 9
672 662 10
672 772 4
673 683 7
673 573 4
673 672 9
673 674 9
673 663 9
673 773 6
674 684 5
674 574 4
674 673 9
674 675 2
674 664 1
674 774 1
675 685 1
675 575 9
675 674 2
675 676 3
675 665 5
675 775 4
676 686 9
676 576 3
676 675 3
676 677 10
676 666 10
676 776 10
677 687 7
677 577 3
677 676 10
677 678 2
677 667 2
677 777 8
678 688 6
678 578 3
678 677 2
678 679 1
678 668 9
678 778 7
679 689 7
679 579 3
679 678 1
679 680 1
679 669 9
679 779 5
680 671 9
680 690 3
680 580 5
680 679 1
680 670 6
680 780 6
681 690 3
681 691 4
681 581 4
681 682 5
681 671 1
681 781 9
682 692 5
682 582 4
682 681 5
682 683 2
682 672 7
682 782 2
683 693 1
683 583 2
683 682 2
683 684 6
683 673 7
683 783 9
684 694 10
684 584 2
684 683 6
684 685 8
684 674 5
684 784 4
685 695 9
685 585 2
685 684 8
685 686 6
685 675 1
685 785 8
686 696 1
686 586 10
686 685 6
686 687 4
686 676 9
686 786 4
687 697 10
687 587 6
687 686 4
687 688 8
687 677 7
687 787 2
688 698 8
688 588 7
688 687 8
688 689 4
688 678 6
688 788 7
689 699 4
689 589 4
689 688 4
689 690 4
689 679 7
689 789 1
690 681 3
690 700 6
690 590 4
690 689 4
690 680 3
690 790 7
691 591 5
691 700 9
691 601 4
691 692 6
691 681 4
691 791 5
692 602 10
692 592 2
692 691 6
692 693 7
692 682 5
692 792 6
693 603 5
693 593 2
693 692 7
693 694 3
693 683 1
693 793 10
694 604 10
694 594 9
694 693 3
694 695 4
694 684 10
694 794 9
695 605 8
695 595 6
695 694 4
695 696 4
695 685 9
695 795 4
696 606 8
696 596 9
696 695 4
696 697 5
696 686 1
696 796 5
697 607 9
697 597 6
697 696 5
697 698 3
697 687 10
697 797 5
698 608 10
698 598 7
698 697 3
698 699 3
698 688 8
698 798 2
699 609 10
699 599 2
699 698 3
699 700 3
699 689 4
699 799 1
700 610 4
700 691 9
700 600 6
700 699 3
700 690 6
700 800 2
701 710 5
701 791 10
701 702 5
701 801 3
701 711 4
701 601 9
901 910 5
901 902 5
901 1 7
901 991 7
901 911 9
901 801 10
78 978 1
78 88 6
78 77 3
78 68 1
78 79 4
78 178 9
702 792 6
702 703 7
702 802 6
702 712 4
702 602 3
702 701 5
902 903 4
902 2 5
902 992 6
902 912 7
902 901 5
902 802 8
79 979 6
79 89 6
79 78 4
79 69 2
79 80 7
79 179 10
703 793 8
703 704 1
703 803 7
703 713 2
703 603 2
703 702 7
903 904 5
903 3 7
903 993 2
903 913 2
903 902 4
903 803 6
80 71 4
80 980 7
80 90 5
80 79 7
80 70 2
80 180 2
704 794 8
704 705 1
704 804 7
704 714 8
704 604 1
704 703 1
904 905 4
904 4 1
904 994 7
904 914 5
904 903 5
904 804 7
81 91 7
81 90 7
81 981 9
81 71 5
81 82 8
81 181 7
705 795 4
705 706 3
705 805 4
705 715 5
705 605 1
705 704 1
905 906 10
905 5 3
905 995 6
905 915 7
905 904 4
905 805 10
82 982 8
82 92 9
82 81 8
82 83 3
82 72 1
82 182 6
706 796 6
706 707 2
706 806 10
706 716 8
706 606 1
706 705 3
906 907 6
906 6 1
906 996 6
906 916 7
906 806 4
906 905 10
83 983 7
83 93 10
83 82 3
83 73 1
83 84 4
83 183 3
707 797 1
707 708 9
707 807 9
707 717 3
707 607 2
707 706 2
907 908 9
907 7 10
907 997 4
907 917 3
907 906 6
907 807 8
84 94 9
84 83 4
84 984 9
84 85 1
84 74 9
84 184 1
708 798 9
708 709 8
708 808 3
708 718 1
708 608 8
708 707 9
908 909 8
908 8 1
908 998 2
908 918 4
908 808 9
908 907 9
85 985 3
85 95 9
85 84 1
85 75 9
85 86 2
85 185 10
709 799 8
709 710 6
709 809 7
709 719 3
709 609 7
709 708 8
909 910 6
909 9 2
909 999 10
909 919 3
909 908 8
909 809 4
86 96 7
86 85 2
86 986 4
86 87 3
86 76 5
86 186 10
710 810 1
710 720 7
710 610 3
710 709 6
710 701 5
710 800 2
910 10 4
910 901 5
910 1000 10
910 920 5
910 810 7
910 909 6
87 987 6
87 97 9
87 86 3
87 77 3
87 88 2
87 187 9
711 720 1
711 721 4
711 611 3
711 712 6
711 701 4
711 811 6
911 920 10
911 11 4
911 901 9
911 912 9
911 921 9
911 811 5
88 98 5
88 87 2
88 988 7
88 78 6
88 89 6
88 188 2
303 393 3
303 313 2
303 203 4
303 302 9
303 403 8
303 304 7
712 722 8
712 612 6
712 711 6
712 713 10
712 702 4
712 812 9
912 12 4
912 913 7
912 902 7
912 922 2
912 911 9
912 812 9
89 99 1
89 88 6
89 989 10
89 90 1
89 79 6
89 189 7
304 394 9
304 314 7
304 204 8
304 303 7
304 404 2
304 305 9
713 613 5
713 712 10
713 723 8
713 714 4
713 703 2
713 813 9
913 13 6
913 914 3
913 903 2
913 923 5
913 813 9
913 912 7
90 81 7
90 990 2
90 100 10
90 89 1
90 80 5
90 190 2
305 395 6
305 315 10
305 205 2
305 304 9
305 405 9
305 306 6
714 614 1
714 713 4
714 724 8
714 715 3
714 704 8
714 814 8
914 14 3
914 915 5
914 904 5
914 814 1
914 913 3
914 924 8
91 1 2
91 100 1
91 991 8
91 92 7
91 81 7
91 191 3
306 396 8
306 316 7
306 206 4
306 305 6
306 406 1
306 307 1
715 615 1
715 714 3
715 725 8
715 716 7
715 705 5
715 815 1
915 15 10
915 905 7
915 916 3
915 815 1
915 914 5
915 925 3
92 91 7
92 2 7
92 992 4
92 82 9
92 93 9
92 192 10
307 397 8
307 317 9
307 207 1
307 306 1
307 407 5
307 308 10
716 616 8
716 715 7
716 726 2
716 717 5
716 706 8
716 816 7
916 16 9
916 917 2
916 906 7
916 926 2
916 915 3
916 816 5
93 92 9
93 3 5
93 993 6
93 94 7
93 83 10
93 193 1
308 398 6
308 318 5
308 208 5
308 307 10
308 408 8
308 309 7
717 617 5
717 716 5
717 727 6
717 718 6
717 707 3
717 817 1
917 17 2
917 907 3
917 918 9
917 927 6
917 817 10
917 916 2
94 93 7
94 4 5
94 994 10
94 84 9
94 95 5
94 194 5
309 399 3
309 409 8
309 310 5
309 319 7
309 209 10
309 308 7
718 618 5
718 717 6
718 728 1
718 719 5
718 708 1
718 818 10
918 18 3
918 919 1
918 908 4
918 928 9
918 917 9
918 818 8
95 94 5
95 5 1
95 995 5
95 96 10
95 85 9
95 195 8
719 619 2
719 718 5
719 729 10
719 720 1
719 709 3
719 819 2
919 19 2
919 920 7
919 909 3
919 819 4
919 918 1
919 929 5
96 95 10
96 6 9
96 996 10
96 97 5
96 86 7
96 196 5
720 711 1
720 620 5
720 719 1
720 730 3
720 710 7
720 820 5
920 910 5
920 20 5
920 911 10
920 820 9
920 919 7
920 930 4
97 96 5
97 7 3
97 997 1
97 98 10
97 87 9
97 197 9
721 730 6
721 621 5
721 731 6
721 722 6
721 711 4
721 821 1
811 820 2
811 711 6
811 821 1
811 911 5
811 801 8
811 812 1
921 21 8
921 930 9
921 911 9
921 922 3
921 931 1
921 821 9
98 97 10
98 8 4
98 998 10
98 88 5
98 99 6
98 198 7
313 323 1
313 213 5
313 312 3
313 413 6
313 314 4
313 303 2
722 622 4
722 721 6
722 732 4
722 712 8
722 723 2
722 822 3
403 493 7
403 503 10
403 404 4
403 413 5
403 303 8
403 402 8
812 712 9
812 811 1
812 822 3
812 912 9
812 802 9
812 813 9
922 22 7
922 923 9
922 912 2
922 932 10
922 921 3
922 822 6
99 98 6
99 9 3
99 999 9
99 100 10
99 89 1
99 199 7
314 324 5
314 214 6
314 313 4
314 414 10
314 315 4
314 304 7
723 722 2
723 623 9
723 733 9
723 713 8
723 724 10
723 823 3
404 494 2
404 504 5
404 405 8
404 414 2
404 304 2
404 403 4
813 713 9
813 812 9
813 823 7
813 913 9
813 803 8
813 814 1
923 23 9
923 913 5
923 924 10
923 933 2
923 823 1
923 922 9
100 91 1
100 99 10
100 10 2
100 1000 1
100 90 10
100 200 6
315 325 3
315 215 7
315 314 4
315 415 2
315 316 5
315 305 10
724 624 6
724 723 10
724 734 5
724 714 8
724 725 5
724 824 3
405 495 2
405 505 7
405 406 4
405 415 6
405 305 9
405 404 8
814 714 8
814 813 1
814 824 8
814 914 1
814 804 4
814 815 5
924 24 6
924 914 8
924 925 7
924 934 4
924 923 10
924 824 10
101 110 5
101 111 3
101 1 7
101 191 2
101 102 10
101 201 1
316 326 1
316 216 3
316 315 5
316 416 7
316 317 8
316 306 7
725 625 1
725 724 5
725 735 7
725 715 8
725 726 9
725 825 1
406 496 6
406 506 8
406 407 6
406 416 9
406 306 1
406 405 4
815 715 1
815 814 5
815 825 8
815 915 1
815 805 8
815 816 8
925 25 6
925 926 9
925 915 3
925 935 5
925 924 7
925 825 4
102 112 1
102 2 7
102 101 10
102 192 2
102 103 9
102 202 5
317 327 10
317 217 8
317 316 8
317 417 2
317 318 8
317 307 9
726 626 2
726 725 9
726 736 8
726 716 2
726 727 2
726 826 10
407 497 9
407 507 7
407 408 1
407 417 5
407 307 5
407 406 6
816 716 7
816 815 8
816 826 2
816 916 5
816 806 7
816 817 2
926 26 9
926 916 2
926 927 9
926 936 5
926 826 7
926 925 9
103 193 8
103 113 3
103 3 9
103 102 9
103 104 7
103 203 10
318 328 8
318 218 8
318 317 8
318 418 6
318 319 1
318 308 5
727 627 6
727 726 2
727 737 2
727 717 6
727 728 1
727 827 1
408 498 9
408 508 5
408 409 6
408 418 10
408 308 8
408 407 1
817 717 1
817 816 2
817 827 3
817 917 10
817 807 9
817 818 2
927 27 6
927 928 10
927 917 6
927 937 6
927 926 9
927 827 10
104 114 7
104 103 7
104 4 2
104 194 10
104 105 7
104 204 9
728 628 3
728 727 1
728 738 9
728 718 1
728 729 2
728 828 10
818 718 10
818 817 2
818 828 1
818 918 8
818 808 6
818 819 3
928 28 8
928 918 9
928 929 9
928 938 10
928 828 4
928 927 10
105 195 3
105 115 7
105 5 9
105 104 7
105 106 8
105 205 9
729 629 10
729 728 2
729 739 4
729 719 10
729 730 2
729 829 1
819 719 2
819 818 3
819 829 9
819 919 4
819 809 3
819 820 3
929 29 4
929 919 5
929 930 10
929 939 4
929 928 9
929 829 8
106 116 4
106 6 5
106 105 8
106 196 7
106 107 6
106 206 3
730 721 6
730 630 1
730 729 2
730 740 4
730 720 3
730 830 5
820 811 2
820 720 5
820 819 3
820 830 1
820 920 9
820 810 3
930 920 4
930 921 9
930 30 9
930 940 1
930 929 10
930 830 1
107 117 5
107 7 8
107 106 6
107 197 2
107 108 7
107 207 10
731 740 3
731 631 1
731 741 1
731 721 6
731 732 3
731 831 3
821 830 6
821 721 1
821 831 5
821 921 9
821 811 1
821 822 10
931 940 9
931 31 3
931 932 5
931 921 1
931 941 2
931 831 6
108 198 7
108 109 4
108 208 10
108 118 1
108 8 10
108 107 7
732 632 7
732 731 3
732 742 2
732 722 4
732 733 3
732 832 5
822 722 3
822 821 10
822 832 3
822 922 6
822 812 3
822 823 6
932 32 3
932 933 7
932 922 10
932 942 7
932 832 5
932 931 5
109 199 7
109 110 3
109 209 4
109 119 8
109 9 7
109 108 4
733 633 5
733 732 3
733 743 5
733 723 9
733 734 2
733 833 10
823 723 3
823 822 6
823 833 9
823 923 1
823 813 7
823 824 10
933 33 9
933 934 8
933 923 2
933 943 9
933 833 7
933 932 7
110 210 5
110 120 4
110 10 8
110 109 3
110 101 5
110 200 4
734 634 9
734 733 2
734 744 8
734 724 5
734 735 3
734 834 3
824 724 3
824 823 10
824 834 3
824 924 10
824 814 8
824 825 9
1 11 8
1 91 2
1 2 3
1 101 7
1 10 9
1 901 7
934 34 2
934 935 4
934 924 4
934 944 6
934 834 7
934 933 8
111 120 5
111 121 4
111 11 3
111 112 9
111 101 3
111 211 6
735 635 4
735 734 3
735 745 6
735 725 7
735 736 1
735 835 5
825 725 1
825 824 9
825 835 3
825 925 4
825 815 8
825 826 5
2 92 7
2 12 3
2 1 3
2 3 3
2 102 7
2 902 5
935 35 2
935 936 8
935 925 5
935 945 8
935 835 8
935 934 4
112 122 9
112 12 2
112 111 9
112 113 5
112 102 1
112 212 1
736 636 9
736 735 1
736 746 4
736 726 8
736 737 9
736 836 9
826 726 10
826 825 5
826 836 5
826 926 7
826 816 2
826 827 9
3 93 5
3 903 7
3 103 9
3 4 2
3 2 3
3 13 10
936 36 1
936 937 4
936 926 5
936 946 1
936 836 5
936 935 8
113 123 3
113 13 6
113 112 5
113 114 9
113 103 3
113 213 5
737 637 7
737 736 9
737 747 6
737 727 2
737 738 7
737 837 7
827 727 1
827 826 9
827 837 10
827 927 10
827 817 3
827 828 7
4 3 2
4 14 9
4 94 5
4 904 1
4 5 7
4 104 2
937 37 9
937 938 7
937 927 6
937 947 6
937 837 5
937 936 4
114 124 6
114 14 10
114 113 9
114 115 7
114 104 7
114 214 4
738 638 3
738 737 7
738 748 6
738 728 9
738 739 9
738 838 2
828 728 10
828 827 7
828 838 6
828 928 4
828 818 1
828 829 3
5 15 5
5 4 7
5 95 1
5 6 3
5 105 9
5 905 3
938 38 1
938 939 3
938 928 10
938 948 3
938 838 7
938 937 7
115 125 8
115 15 8
115 114 7
115 116 5
115 105 7
115 215 10
739 639 3
739 738 9
739 749 10
739 729 4
739 740 8
739 839 8
829 729 1
829 828 3
829 839 4
829 929 8
829 819 9
829 830 4
6 96 9
6 906 1
6 16 7
6 5 3
6 7 5
6 106 5
939 39 7
939 940 6
939 929 4
939 949 5
939 839 9
939 938 3
116 126 10
116 16 10
116 115 5
116 117 3
116 106 4
116 216 1
740 731 3
740 640 1
740 739 8
740 750 7
740 730 4
740 840 1
830 821 6
830 730 5
830 829 4
830 840 7
830 930 1
830 820 1
7 97 3
7 17 1
7 6 5
7 8 4
7 107 8
7 907 10
940 930 1
940 40 8
940 931 9
940 950 3
940 840 8
940 939 6
117 127 2
117 17 8
117 116 3
117 118 3
117 107 5
117 217 5
741 750 9
741 641 5
741 751 9
741 731 1
741 742 1
741 841 10
831 840 8
831 731 3
831 841 5
831 931 6
831 821 5
831 832 7
8 98 4
8 908 1
8 18 8
8 7 4
8 108 10
8 9 7
866 766 2
866 865 10
866 876 9
866 966 3
866 856 9
866 867 7
43 943 6
43 53 10
43 42 5
43 143 7
43 44 8
43 33 10
867 767 4
867 866 7
867 877 10
867 967 4
867 857 7
867 868 7
44 944 2
44 54 1
44 43 8
44 144 8
44 45 7
44 34 4
868 768 10
868 867 7
868 878 4
868 968 7
868 858 1
868 869 9
45 945 7
45 55 8
45 44 7
45 145 7
45 46 4
45 35 8
869 769 5
869 868 9
869 879 2
869 969 1
869 859 3
869 870 9
46 946 2
46 56 5
46 45 4
46 146 7
46 47 1
46 36 3
870 861 6
870 770 8
870 869 9
870 880 2
870 970 1
870 860 9
47 947 9
47 57 6
47 46 1
47 147 7
47 48 10
47 37 2
871 880 8
871 771 1
871 881 2
871 971 6
871 861 8
871 872 6
48 948 2
48 58 10
48 47 10
48 148 2
48 49 1
48 38 8
872 772 4
872 871 6
872 882 5
872 972 3
872 862 7
872 873 5
49 949 3
49 59 5
49 48 1
49 149 10
49 50 3
49 39 5
776 676 10
776 775 7
776 786 7
776 766 8
776 777 4
776 876 8
975 75 1
975 976 10
975 965 10
975 875 7
975 974 10
975 985 3
152 52 4
152 151 6
152 162 8
152 153 7
152 142 2
152 252 10
873 773 1
873 872 5
873 883 9
873 973 10
873 863 6
873 874 2
50 950 1
50 41 6
50 60 8
50 49 3
50 150 2
50 40 2
777 677 8
777 776 4
777 787 7
777 767 5
777 778 6
777 877 6
976 76 6
976 977 8
976 966 3
976 876 10
976 975 10
976 986 2
153 53 9
153 152 7
153 163 10
153 154 6
153 143 7
153 253 6
874 774 2
874 873 2
874 884 2
874 974 10
874 864 4
874 875 2
51 61 9
51 60 7
51 951 6
51 151 6
51 52 10
51 41 1
778 678 7
778 777 6
778 788 2
778 768 3
778 779 6
778 878 5
977 77 7
977 967 6
977 978 2
977 877 6
977 976 8
977 987 7
154 54 7
154 153 6
154 164 2
154 144 10
154 155 9
154 254 7
875 775 6
875 874 2
875 885 10
875 975 7
875 865 9
875 876 7
52 952 8
52 62 3
52 51 10
52 152 4
52 53 6
52 42 9
779 679 5
779 778 6
779 789 2
779 769 4
779 780 4
779 879 2
978 78 1
978 968 1
978 979 6
978 977 2
978 878 6
978 988 3
155 154 9
155 55 4
155 165 7
155 145 3
155 156 7
155 255 6
876 776 8
876 875 7
876 886 10
876 976 10
876 866 9
876 877 1
53 953 7
53 63 9
53 52 6
53 153 9
53 54 3
53 43 10
780 771 4
780 680 6
780 779 4
780 790 6
780 770 5
780 880 4
979 79 6
979 969 6
979 980 5
979 978 6
979 879 6
979 989 4
156 56 10
156 155 7
156 166 7
156 146 9
156 157 7
156 256 5
877 777 6
877 876 1
877 887 5
877 977 6
877 867 10
877 878 9
54 954 1
54 64 9
54 53 3
54 154 7
54 55 1
54 44 1
781 790 1
781 681 9
781 791 2
781 771 1
781 782 9
781 881 6
980 970 2
980 971 2
980 80 7
980 979 5
980 880 5
980 990 10
157 57 7
157 156 7
157 167 4
157 147 9
157 158 5
157 257 6
878 778 5
878 877 9
878 888 4
878 978 6
878 868 4
878 879 7
55 955 10
55 65 6
55 54 1
55 56 4
55 45 8
55 155 4
782 682 2
782 781 9
782 792 2
782 772 3
782 783 4
782 882 8
981 81 9
981 971 5
981 982 4
981 990 4
981 881 4
981 991 8
158 58 4
158 157 5
158 168 2
158 148 8
158 159 7
158 258 7
879 779 2
879 878 7
879 889 6
879 979 6
879 869 2
879 880 10
56 956 10
56 66 1
56 55 4
56 57 7
56 46 5
56 156 10
783 683 9
783 782 4
783 793 3
783 773 5
783 784 5
783 883 1
982 82 8
982 972 2
982 983 5
982 981 4
982 882 10
982 992 1
159 59 5
159 158 7
159 169 2
159 149 5
159 160 4
159 259 6
880 871 8
880 780 4
880 879 10
880 890 10
880 980 5
880 870 2
57 957 5
57 67 2
57 56 7
57 58 10
57 47 6
57 157 7
784 684 4
784 783 5
784 794 8
784 774 3
784 785 3
784 884 10
983 83 7
983 973 1
983 984 3
983 982 5
983 883 8
983 993 6
160 151 6
160 60 7
160 159 4
160 170 2
160 150 9
160 260 9
881 890 6
881 781 6
881 891 2
881 981 4
881 871 2
881 882 10
58 958 7
58 68 5
58 57 10
58 59 6
58 48 10
58 158 4
984 84 9
984 974 8
984 985 10
984 983 3
984 884 5
984 994 5
161 170 8
161 61 1
161 171 2
161 151 3
161 162 6
161 261 10
785 685 8
785 784 3
785 795 4
785 775 1
785 786 4
785 885 7
790 781 1
790 690 7
790 789 5
790 800 1
790 780 6
790 890 8
989 89 10
989 979 4
989 990 4
989 988 3
989 889 7
989 999 5
166 66 5
166 165 1
166 176 7
166 156 7
166 167 1
166 266 8
887 787 4
887 886 4
887 897 1
887 987 1
887 877 5
887 888 8
64 964 1
64 63 1
64 74 9
64 65 2
64 54 9
64 164 9
809 709 7
809 808 2
809 819 3
809 899 1
809 909 4
809 810 10
985 85 3
985 975 3
985 986 5
985 984 10
985 885 9
985 995 7
162 62 9
162 161 6
162 172 10
162 152 8
162 163 1
162 262 5
786 686 4
786 785 4
786 796 1
786 776 7
786 787 4
786 886 8
791 691 5
791 701 10
791 800 10
791 781 2
791 792 8
791 891 8
990 980 10
990 90 2
990 981 4
990 989 4
990 890 6
990 1000 1
167 67 1
167 166 1
167 177 10
167 157 4
167 168 2
167 267 7
888 788 2
888 887 8
888 898 6
888 988 1
888 878 4
888 889 5
65 965 4
65 64 2
65 75 5
65 66 1
65 55 6
65 165 7
810 910 7
810 710 1
810 809 10
810 820 3
810 801 2
810 900 8
808 708 3
808 807 7
808 818 6
808 898 5
808 908 9
808 809 2
997 97 1
997 907 4
997 987 6
997 998 5
997 996 3
997 897 1
174 74 6
174 173 3
174 184 6
174 164 9
174 175 9
174 274 2
798 708 9
798 698 2
798 797 8
798 788 6
798 799 1
798 898 3
394 304 9
394 494 10
394 395 9
394 384 1
394 294 10
394 393 7
803 703 7
803 802 9
803 813 8
803 893 9
803 903 6
803 804 5
900 810 8
900 891 4
900 800 1
900 899 3
900 1000 4
900 890 6
77 977 7
77 87 3
77 76 6
77 67 9
77 78 3
77 177 7
988 88 7
988 978 3
988 989 3
988 987 2
988 888 1
988 998 8
165 65 7
165 164 2
165 175 5
165 155 7
165 166 1
165 265 6
789 689 1
789 788 6
789 799 10
789 779 2
789 790 5
789 889 4
794 704 8
794 694 9
794 793 2
794 784 8
794 795 10
794 894 2
993 93 6
993 903 2
993 983 6
993 994 9
993 992 3
993 893 7
170 161 8
170 70 4
170 169 4
170 180 1
170 160 2
170 270 8
891 791 8
891 801 4
891 900 4
891 991 3
891 881 2
891 892 3
68 968 10
68 67 4
68 78 1
68 69 9
68 58 5
68 168 10
397 307 8
397 497 10
397 398 2
397 387 6
397 297 7
397 396 4
806 706 10
806 805 9
806 816 7
806 896 8
806 906 4
806 807 1
1000 910 10
1000 990 1
1000 100 1
1000 991 1
1000 999 2
1000 900 4
177 77 7
177 176 10
177 187 7
177 167 10
177 178 5
177 277 3
801 810 2
801 701 3
801 811 8
801 891 4
801 901 10
801 802 4
795 705 4
795 695 4
795 794 10
795 785 4
795 796 6
795 895 9
994 94 10
994 904 7
994 984 5
994 995 7
994 993 9
994 894 10
171 180 10
171 71 7
171 181 7
171 161 2
171 172 5
171 271 3
892 802 10
892 792 8
892 891 3
892 992 7
892 882 3
892 893 1
69 969 8
69 68 9
69 79 2
69 70 3
69 59 3
69 169 4
987 87 6
987 977 7
987 988 2
987 986 1
987 887 1
987 997 6
164 64 9
164 163 10
164 174 9
164 154 2
164 165 2
164 264 1
788 688 7
788 787 6
788 798 6
788 778 2
788 789 6
788 888 2
793 703 8
793 693 10
793 792 6
793 783 3
793 794 2
793 893 9
992 92 4
992 902 6
992 982 1
992 993 3
992 991 7
992 892 7
169 69 4
169 168 2
169 179 5
169 159 2
169 170 4
169 269 8
890 881 6
890 790 8
890 889 4
890 900 6
890 990 6
890 880 10
67 967 1
67 66 8
67 77 9
67 68 4
67 57 2
67 167 1
398 308 6
398 498 10
398 399 7
398 388 2
398 298 6
398 397 2
807 707 9
807 806 1
807 817 9
807 897 9
807 907 8
807 808 7
393 303 3
393 493 2
393 394 7
393 383 9
393 293 7
393 392 3
802 702 6
802 801 4
802 812 9
802 892 10
802 902 8
802 803 9
996 96 10
996 906 6
996 986 10
996 997 3
996 995 5
996 896 1
173 73 2
173 172 6
173 183 9
173 163 8
173 174 3
173 273 5
797 707 1
797 697 5
797 796 2
797 787 9
797 798 8
797 897 2
899 809 1
899 799 3
899 898 10
899 999 6
899 889 10
899 900 3
76 976 6
76 86 5
76 75 7
76 66 5
76 77 6
76 176 5
999 99 9
999 909 10
999 989 5
999 1000 2
999 998 8
999 899 6
176 76 5
176 175 10
176 186 6
176 166 7
176 177 10
176 276 2
800 710 2
800 791 10
800 700 2
800 799 5
800 790 1
800 900 1
396 306 8
396 496 9
396 397 4
396 386 10
396 296 7
396 395 9
805 705 4
805 804 8
805 815 8
805 895 10
805 905 10
805 806 9
897 807 9
897 797 2
897 896 1
897 997 1
897 887 1
897 898 7
74 974 6
74 84 9
74 73 1
74 64 9
74 75 2
74 174 6
991 91 8
991 891 3
991 981 8
991 992 7
991 901 7
991 1000 1
168 68 10
168 167 2
168 178 4
168 158 2
168 169 2
168 268 5
792 702 6
792 692 6
792 791 8
792 782 2
792 793 6
792 892 8
894 804 9
894 794 2
894 893 10
894 994 10
894 884 7
894 895 7
71 81 5
71 971 8
71 80 4
71 61 3
71 72 1
71 171 7
896 806 8
896 796 2
896 895 3
896 996 1
896 886 5
896 897 1
73 973 2
73 83 1
73 72 5
73 63 8
73 74 1
73 173 2
799 709 8
799 699 1
799 798 1
799 789 10
799 800 5
799 899 3
998 98 10
998 908 2
998 988 8
998 999 8
998 997 5
998 898 8
175 75 8
175 174 9
175 185 8
175 165 5
175 176 10
175 275 10
796 706 6
796 696 5
796 795 6
796 786 1
796 797 2
796 896 2
995 95 5
995 905 6
995 985 7
995 996 5
995 994 7
995 895 3
172 72 5
172 171 5
172 182 8
172 162 10
172 173 6
172 272 6
893 803 9
893 793 9
893 892 1
893 993 7
893 883 9
893 894 10
70 61 2
70 970 6
70 69 3
70 80 2
70 60 3
70 170 4
898 808 5
898 798 3
898 897 7
898 998 8
898 888 6
898 899 10
75 975 1
75 85 9
75 74 2
75 65 5
75 76 7
75 175 8
395 305 6
395 495 5
395 396 9
395 385 6
395 295 5
395 394 9
804 704 7
804 803 5
804 814 4
804 894 9
804 904 7
804 805 8
895 805 10
895 795 9
895 894 7
895 995 3
895 885 1
895 896 3
72 972 9
72 71 1
72 82 1
72 62 3
72 73 5
72 172 5
886 786 8
886 885 7
886 896 5
886 986 1
886 876 10
886 887 4
63 963 4
63 62 9
63 73 8
63 64 1
63 53 9
63 163 1
986 86 4
986 976 2
986 987 1
986 985 5
986 886 1
986 996 10
163 63 1
163 162 1
163 173 8
163 153 10
163 164 10
163 263 10
787 687 2
787 786 4
787 797 9
787 777 7
787 788 6
787 887 4
889 789 4
889 888 5
889 899 10
889 989 7
889 879 6
889 890 4
66 966 10
66 65 1
66 76 5
66 67 8
66 56 1
66 166 5
885 785 7
885 884 5
885 895 1
885 985 9
885 875 10
885 886 7
62 962 7
62 61 5
62 72 3
62 63 9
62 52 3
62 162 9
884 784 10
884 883 8
884 894 7
884 984 5
884 874 2
884 885 5
61 71 3
61 70 2
61 961 4
61 62 5
61 51 9
61 161 1
883 783 1
883 882 3
883 893 9
883 983 8
883 873 9
883 884 8
60 51 7
60 960 5
60 70 3
60 59 8
60 50 8
60 160 7
882 782 8
882 881 10
882 892 3
882 982 10
882 872 5
882 883 3
59 959 9
59 69 3
59 58 6
59 60 8
59 49 5
59 159 5
865 765 10
865 864 1
865 875 9
865 965 1
865 855 7
865 866 10
42 942 10
42 52 9
42 41 5
42 142 8
42 43 5
42 32 1
775 675 4
775 774 3
775 785 1
775 765 9
775 776 7
775 875 6
974 74 6
974 975 10
974 964 6
974 874 10
974 973 7
974 984 8
151 160 6
151 51 6
151 161 3
151 152 6
151 141 4
151 251 4
864 764 8
864 863 5
864 874 4
864 964 8
864 854 2
864 865 1
41 51 1
41 50 6
41 941 3
41 141 10
41 42 5
41 31 7
774 674 1
774 773 3
774 784 3
774 764 10
774 775 3
774 874 2
973 73 2
973 974 7
973 963 4
973 873 10
973 972 8
973 983 1
150 141 2
150 50 2
150 149 10
150 160 9
150 140 9
150 250 2
863 763 5
863 862 10
863 873 6
863 963 10
863 853 5
863 864 5
40 940 8
40 31 4
40 50 2
40 39 3
40 140 10
40 30 2
773 673 6
773 772 9
773 783 5
773 763 9
773 774 3
773 873 1
972 72 9
972 973 8
972 962 9
972 872 3
972 971 4
972 982 2
149 49 10
149 148 1
149 159 5
149 150 10
149 139 3
149 249 7
862 762 9
862 861 5
862 872 7
862 962 1
862 852 7
862 863 10
39 939 7
39 49 5
39 38 7
39 139 1
39 40 3
39 29 10
772 672 4
772 771 5
772 782 3
772 762 6
772 773 9
772 872 4
971 71 8
971 980 2
971 972 4
971 961 4
971 871 6
971 981 5
148 48 2
148 147 7
148 158 8
148 149 1
148 138 1
148 248 6
861 870 6
861 761 7
861 871 8
861 961 9
861 851 6
861 862 5
38 938 1
38 48 8
38 37 5
38 138 5
38 39 7
38 28 6
771 780 4
771 671 4
771 781 1
771 761 1
771 772 5
771 871 1
970 960 3
970 70 6
970 961 10
970 870 1
970 969 5
970 980 2
147 47 7
147 146 4
147 157 9
147 148 7
147 137 8
147 247 4
860 851 7
860 760 1
860 859 2
860 870 9
860 960 9
860 850 5
37 937 9
37 47 2
37 36 3
37 137 2
37 38 5
37 27 5
770 761 7
770 670 6
770 769 9
770 780 5
770 760 9
770 870 8
969 69 8
969 959 9
969 970 5
969 869 1
969 968 9
969 979 6
146 136 10
146 147 4
146 246 10
146 46 7
146 145 8
146 156 9
859 759 9
859 858 9
859 869 3
859 959 10
859 849 7
859 860 2
36 936 1
36 46 3
36 35 4
36 136 7
36 37 3
36 26 8
769 669 8
769 768 3
769 779 4
769 759 10
769 770 9
769 869 5
968 68 10
968 958 2
968 969 9
968 868 7
968 967 7
968 978 1
145 135 5
145 146 8
145 245 4
145 45 7
145 144 8
145 155 3
858 758 8
858 857 3
858 868 1
858 958 4
858 848 3
858 859 9
35 935 2
35 45 8
35 34 7
35 135 3
35 36 4
35 25 5
768 668 8
768 767 3
768 778 3
768 758 2
768 769 3
768 868 10
967 67 1
967 957 9
967 968 7
967 977 6
967 867 4
967 966 2
144 134 1
144 145 8
144 244 2
144 154 10
144 44 8
144 143 9
857 757 1
857 856 5
857 867 7
857 957 6
857 847 8
857 858 3
34 934 2
34 44 4
34 33 2
34 134 3
34 35 7
34 24 3
767 667 9
767 766 6
767 777 5
767 757 10
767 768 3
767 867 4
966 66 10
966 956 7
966 967 2
966 976 3
966 866 3
966 965 1
143 133 4
143 144 9
143 243 8
143 153 7
143 43 7
143 142 6
856 756 4
856 855 3
856 866 9
856 956 1
856 846 6
856 857 5
33 933 9
33 43 10
33 32 2
33 133 7
33 23 5
33 34 2
766 666 5
766 765 2
766 776 8
766 756 8
766 767 6
766 866 2
965 65 4
965 955 1
965 966 1
965 975 10
965 964 8
965 865 1
142 132 8
142 143 6
142 242 2
142 152 2
142 141 10
142 42 8
855 755 1
855 854 4
855 865 7
855 955 7
855 845 2
855 856 3
32 932 3
32 42 1
32 31 7
32 132 9
32 22 5
32 33 2
765 665 2
765 764 9
765 775 9
765 755 4
765 766 2
765 865 10
964 64 1
964 954 10
964 965 8
964 974 6
964 864 8
964 963 3
141 150 2
141 151 4
141 41 10
141 131 5
141 142 10
141 241 2
854 754 7
854 853 1
854 864 2
854 954 10
854 844 1
854 855 4
31 41 7
31 40 4
31 931 3
31 131 2
31 32 7
31 21 6
764 664 10
764 763 5
764 774 10
764 754 6
764 765 9
764 864 8
963 63 4
963 953 3
963 964 3
963 973 4
963 863 10
963 962 10
140 131 6
140 130 2
140 240 2
140 150 9
140 40 10
140 139 7
853 753 8
853 852 10
853 863 5
853 953 2
853 843 10
853 854 1
30 930 9
30 21 1
30 40 2
30 29 9
30 130 1
30 20 9
763 663 10
763 762 3
763 773 9
763 753 3
763 764 5
763 863 5
962 62 7
962 952 9
962 963 10
962 972 9
962 862 1
962 961 2
139 129 6
139 140 7
139 239 9
139 149 3
139 39 1
139 138 9
852 752 8
852 851 7
852 862 7
852 952 9
852 842 3
852 853 10
29 929 4
29 39 10
29 28 8
29 129 10
29 19 5
29 30 9
762 662 8
762 761 5
762 772 6
762 752 9
762 763 3
762 862 9
961 61 4
961 970 10
961 951 5
961 962 2
961 971 4
961 861 9
138 128 8
138 139 9
138 238 4
138 148 1
138 38 5
138 137 5
851 860 7
851 751 4
851 861 6
851 951 1
851 841 10
851 852 7
28 928 8
28 128 6
28 18 1
28 29 8
28 38 6
28 27 10
761 770 7
761 661 9
761 771 1
761 751 7
761 762 5
761 861 7
960 950 10
960 60 5
960 951 7
960 959 8
960 970 3
960 860 9
137 127 8
137 138 5
137 237 8
137 136 9
137 147 8
137 37 2
850 841 1
850 750 3
850 849 10
850 860 5
850 950 8
850 840 1
27 927 6
27 37 5
27 26 2
27 127 9
27 17 4
27 28 10
760 751 5
760 660 6
760 759 7
760 770 9
760 750 3
760 860 1
959 59 9
959 949 6
959 960 8
959 859 10
959 958 9
959 969 9
136 36 7
136 135 5
136 146 10
136 126 3
136 137 9
136 236 10
849 749 3
849 848 10
849 859 7
849 949 2
849 839 7
849 850 10
26 926 9
26 36 8
26 25 6
26 126 2
26 16 1
26 27 2
759 659 6
759 758 3
759 769 10
759 749 2
759 760 7
759 859 9
958 58 7
958 959 9
958 948 7
958 858 4
958 957 3
958 968 2
135 35 3
135 134 3
135 145 5
135 136 5
135 125 2
135 235 8
848 748 1
848 847 7
848 858 3
848 948 10
848 838 10
848 849 10
25 925 6
25 35 5
25 24 1
25 125 6
25 15 5
25 26 6
758 658 4
758 757 1
758 768 2
758 748 4
758 759 3
758 858 8
957 57 5
957 958 3
957 947 4
957 857 6
957 956 3
957 967 9
134 34 3
134 133 1
134 144 1
134 135 3
134 124 8
134 234 4
847 747 3
847 846 10
847 857 8
847 947 3
847 837 3
847 848 7
24 924 6
24 34 3
24 23 1
24 124 9
24 14 8
24 25 1
757 657 1
757 756 5
757 767 10
757 747 6
757 758 1
757 857 1
956 56 10
956 957 3
956 946 5
956 856 1
956 955 4
956 966 7
133 33 7
133 132 7
133 143 4
133 134 1
133 123 2
133 233 3
846 746 7
846 845 1
846 856 6
846 946 9
846 836 8
846 847 10
23 923 9
23 33 5
23 22 6
23 123 1
23 13 10
23 24 1
756 656 2
756 755 3
756 766 8
756 746 1
756 757 5
756 856 4
955 55 10
955 956 4
955 945 7
955 855 7
955 954 9
955 965 1
132 32 9
132 131 9
132 142 8
132 133 7
132 122 7
132 232 2
845 745 3
845 844 5
845 855 2
845 945 9
845 835 10
845 846 1
22 922 7
22 32 5
22 21 10
22 122 10
22 12 4
22 23 6
755 655 2
755 754 5
755 765 4
755 745 2
755 756 3
755 855 1
954 54 1
954 955 9
954 944 8
954 854 10
954 953 7
954 964 10
131 140 6
131 31 2
131 141 5
131 132 9
131 121 6
131 231 2
844 744 6
844 843 7
844 854 1
844 944 5
844 834 2
844 845 5
21 31 6
21 921 8
21 30 1
21 121 3
21 11 7
21 22 10
754 654 2
754 753 5
754 764 6
754 744 1
754 755 5
754 854 7
953 53 7
953 954 7
953 943 1
953 853 2
953 952 9
953 963 3
130 121 2
130 30 1
130 129 8
130 140 2
130 120 5
130 230 7
843 743 4
843 842 3
843 853 10
843 943 6
843 833 9
843 844 7
20 920 5
20 11 7
20 19 8
20 30 9
20 120 6
20 10 9
753 653 6
753 752 6
753 763 3
753 743 1
753 754 5
753 853 8
952 52 8
952 953 9
952 942 7
952 852 9
952 951 8
952 962 9
129 29 10
129 128 4
129 139 6
129 130 8
129 119 2
129 229 1
842 742 10
842 841 3
842 852 3
842 942 5
842 832 9
842 843 3
19 919 2
19 18 7
19 29 5
19 119 7
19 9 9
19 20 8
752 652 2
752 751 8
752 762 9
752 742 2
752 753 6
752 852 8
951 51 6
951 960 7
951 952 8
951 941 2
951 851 1
951 961 5
128 28 6
128 127 7
128 138 8
128 129 4
128 118 6
128 228 8
841 850 1
841 741 10
841 851 10
841 941 2
841 831 5
841 842 3
18 918 3
18 118 8
18 19 7
18 8 8
18 17 4
18 28 1
751 760 5
751 651 4
751 761 7
751 741 9
751 752 8
751 851 4
950 940 3
950 50 1
950 941 8
950 850 8
950 949 4
950 960 10
127 27 9
127 126 9
127 137 8
127 128 7
127 117 2
127 227 5
840 831 8
840 740 1
840 839 3
840 850 1
840 940 8
840 830 7
17 917 2
17 117 8
17 18 4
17 7 1
17 16 8
17 27 4
750 741 9
750 650 8
750 749 6
750 760 3
750 740 7
750 850 3
949 49 3
949 950 4
949 939 5
949 959 6
949 849 2
949 948 4
126 136 3
126 26 2
126 125 5
126 127 9
126 116 10
126 226 6
839 739 8
839 838 4
839 849 7
839 939 9
839 829 4
839 840 3
16 916 9
16 116 10
16 17 8
16 6 7
16 15 7
16 26 1
749 649 1
749 748 5
749 759 2
749 739 10
749 750 6
749 849 3
948 48 2
948 949 4
948 938 3
948 958 7
948 848 10
948 947 3
125 135 2
125 25 6
125 124 9
125 126 5
125 115 8
125 225 7
838 738 2
838 837 10
838 848 10
838 938 7
838 828 6
838 839 4
15 915 10
15 115 8
15 16 7
15 5 5
15 14 6
15 25 5
748 648 8
748 747 9
748 758 4
748 738 6
748 749 5
748 848 1
947 47 9
947 948 3
947 937 6
947 957 4
947 847 3
947 946 1
124 134 8
124 24 9
124 123 9
124 125 9
124 114 6
124 224 8
837 737 7
837 836 5
837 847 3
837 937 5
837 827 10
837 838 10
14 914 3
14 13 9
14 24 8
14 114 10
14 15 6
14 4 9
747 647 3
747 746 9
747 757 6
747 737 6
747 748 9
747 847 3
946 46 2
946 947 1
946 936 1
946 956 5
946 846 9
946 945 5
123 133 2
123 23 1
123 122 1
123 124 9
123 113 3
123 223 10
836 736 9
836 835 5
836 846 8
836 936 5
836 826 5
836 837 5
13 913 6
13 12 8
13 23 10
13 113 6
13 3 10
13 14 9
746 646 8
746 745 1
746 756 1
746 736 4
746 747 9
746 846 7
945 45 7
945 946 5
945 935 8
945 955 7
945 845 9
945 944 7
122 132 7
122 22 10
122 121 6
122 123 1
122 112 9
122 222 6
835 735 5
835 834 3
835 845 10
835 935 8
835 825 3
835 836 5
12 912 4
12 112 2
12 2 3
12 13 8
12 11 4
12 22 4
745 645 4
745 744 8
745 755 2
745 735 6
745 746 1
745 845 3
944 44 2
944 945 7
944 934 6
944 954 8
944 844 5
944 943 5
121 130 2
121 131 6
121 21 3
121 122 6
121 111 4
121 221 9
834 734 3
834 833 9
834 844 2
834 934 7
834 824 3
834 835 3
11 21 7
11 111 3
11 12 4
11 1 8
11 911 4
11 20 7
744 644 3
744 743 8
744 754 1
744 734 8
744 745 8
744 844 6
943 43 6
943 944 5
943 933 9
943 953 1
943 843 6
943 942 4
120 111 5
120 130 5
120 20 6
120 119 2
120 110 4
120 220 9
833 733 10
833 832 4
833 843 9
833 933 7
833 823 9
833 834 9
10 110 8
10 910 4
10 9 6
10 20 9
10 1 9
10 100 2
743 643 8
743 742 2
743 753 1
743 733 5
743 744 8
743 843 4
942 42 10
942 943 4
942 932 7
942 952 7
942 842 5
942 941 4
119 129 2
119 19 7
119 118 1
119 120 2
119 109 8
119 219 1
832 732 5
832 831 7
832 842 9
832 932 5
832 822 3
832 833 4
9 99 3
9 19 9
9 8 7
9 909 2
9 109 7
9 10 6
742 642 1
742 741 1
742 752 2
742 732 2
742 743 2
742 842 10
941 950 8
941 41 3
941 942 4
941 931 2
941 951 2
941 841 2
118 128 6
118 18 8
118 117 3
118 119 1
118 108 1
118 218 1
302 392 4
302 312 2
302 202 4
302 301 4
302 402 6
302 303 9
203 103 10
203 202 8
203 213 8
203 293 1
203 204 3
203 303 4
402 492 1
402 502 10
402 403 8
402 412 7
402 302 6
402 401 5
392 302 4
392 492 2
392 393 3
392 382 3
392 292 3
392 391 10
312 322 6
312 212 7
312 311 8
312 412 6
312 313 3
312 302 2
301 391 9
301 310 1
301 311 3
301 201 6
301 401 1
301 302 4
202 102 5
202 201 4
202 212 3
202 292 1
202 203 8
202 302 4
401 491 6
401 410 2
401 501 1
401 402 5
401 411 7
401 301 1
391 291 6
391 491 5
391 392 10
391 381 9
391 400 8
391 301 9
311 320 1
311 321 7
311 211 4
311 411 7
311 312 8
311 301 3
310 410 10
310 320 6
310 210 10
310 309 5
310 400 2
310 301 1
201 210 9
201 101 1
201 211 1
201 291 3
201 202 4
201 301 6
300 210 4
300 291 9
300 200 10
300 299 10
300 400 4
300 290 1
400 310 2
400 391 8
400 500 4
400 390 6
400 300 4
400 399 7
299 209 4
299 199 3
299 298 7
299 399 8
299 289 3
299 300 10
291 191 4
291 201 3
291 300 9
291 391 6
291 281 5
291 292 6
290 281 3
290 190 3
290 289 1
290 300 1
290 390 4
290 280 6
210 310 10
210 110 5
210 209 8
210 220 2
210 201 9
210 300 4
200 110 4
200 191 10
200 100 6
200 199 1
200 190 10
200 300 10
399 309 3
399 499 10
399 400 7
399 389 7
399 299 8
399 398 7
298 208 10
298 198 1
298 297 7
298 398 6
298 288 1
298 299 7
289 189 5
289 288 9
289 299 3
289 389 3
289 279 8
289 290 1
209 109 4
209 208 8
209 219 10
209 299 4
209 309 10
209 210 8
199 109 7
199 99 7
199 198 2
199 189 10
199 200 1
199 299 3
297 207 2
297 197 9
297 296 3
297 397 7
297 287 2
297 298 7
288 188 9
288 287 1
288 298 1
288 388 3
288 278 3
288 289 9
198 108 7
198 98 7
198 197 9
198 188 2
198 199 2
198 298 1
296 206 10
296 196 1
296 295 3
296 396 7
296 286 2
296 297 3
287 187 5
287 286 9
287 297 2
287 387 4
287 277 4
287 288 1
197 107 2
197 97 9
197 196 4
197 187 6
197 198 9
197 297 9
295 205 9
295 195 8
295 294 8
295 395 5
295 285 2
295 296 3
286 186 4
286 285 1
286 296 2
286 386 9
286 276 5
286 287 9
196 106 7
196 96 5
196 195 4
196 186 4
196 197 4
196 296 1
294 204 8
294 194 4
294 293 6
294 394 10
294 284 9
294 295 8
285 185 3
285 284 5
285 295 2
285 385 8
285 275 6
285 286 1
195 105 3
195 95 8
195 194 4
195 185 3
195 196 4
195 295 8
293 203 1
293 193 9
293 292 4
293 393 7
293 283 1
293 294 6
284 184 6
284 283 4
284 294 9
284 384 4
284 274 3
284 285 5
194 104 10
194 94 5
194 193 1
194 184 5
194 195 4
194 294 4
292 202 1
292 192 4
292 291 6
292 392 3
292 282 10
292 293 4
283 183 1
283 282 5
283 293 1
283 383 1
283 273 1
283 284 4
193 103 8
193 93 1
193 192 8
193 183 7
193 194 1
193 293 9
282 182 8
282 281 1
282 292 10
282 382 1
282 272 7
282 283 5
192 102 2
192 92 10
192 191 7
192 182 1
192 193 8
192 292 4
281 290 3
281 181 3
281 291 5
281 381 10
281 271 10
281 282 1
191 91 3
191 101 2
191 200 10
191 181 9
191 192 7
191 291 4
390 381 6
390 490 6
390 380 7
390 400 6
390 290 4
390 389 2
280 271 2
280 180 9
280 279 3
280 290 6
280 380 8
280 270 6
190 181 10
190 90 2
190 189 2
190 200 10
190 180 1
190 290 3
389 489 8
389 390 2
389 379 3
389 399 7
389 289 3
389 388 6
279 179 5
279 278 5
279 289 8
279 379 2
279 269 7
279 280 3
189 89 7
189 188 4
189 199 10
189 179 8
189 190 2
189 289 5
388 488 2
388 389 6
388 378 5
388 398 2
388 288 3
388 387 8
278 178 5
278 277 9
278 288 3
278 378 9
278 268 7
278 279 5
188 88 2
188 187 2
188 198 2
188 178 6
188 189 4
188 288 9
387 487 10
387 388 8
387 377 2
387 397 6
387 287 4
387 386 8
277 177 3
277 276 4
277 287 4
277 377 8
277 267 1
277 278 9
187 87 9
187 186 1
187 197 6
187 177 7
187 188 2
187 287 5
386 486 4
386 387 8
386 376 4
386 396 10
386 286 9
386 385 6
276 176 2
276 275 8
276 286 5
276 376 3
276 266 8
276 277 4
186 86 10
186 185 5
186 196 4
186 176 6
186 187 1
186 286 4
385 485 3
385 386 6
385 375 3
385 395 6
385 285 8
385 384 7
275 175 10
275 274 8
275 285 6
275 375 2
275 265 8
275 276 8
185 85 10
185 184 8
185 195 3
185 175 8
185 186 5
185 285 3
384 484 5
384 385 7
384 374 5
384 394 1
384 284 4
384 383 3
274 174 2
274 273 5
274 284 3
274 374 2
274 264 6
274 275 8
184 84 1
184 183 5
184 194 5
184 174 6
184 185 8
184 284 6
383 483 5
383 384 3
383 373 2
383 393 9
383 283 1
383 382 7
273 173 5
273 272 3
273 283 1
273 373 8
273 263 10
273 274 5
183 83 3
183 182 9
183 193 7
183 173 9
183 184 5
183 283 1
382 482 9
382 383 7
382 372 10
382 392 3
382 282 1
382 381 8
272 172 6
272 271 9
272 282 7
272 372 1
272 262 6
272 273 3
182 82 6
182 181 6
182 192 1
182 172 8
182 183 9
182 282 8
381 390 6
381 481 7
381 382 8
381 371 5
381 391 9
381 281 10
271 280 2
271 171 3
271 281 10
271 371 10
271 261 7
271 272 9
181 190 10
181 81 7
181 191 9
181 171 7
181 182 6
181 281 3
380 371 4
380 480 9
380 370 3
380 390 7
380 280 8
380 379 2
270 261 9
270 170 8
270 269 4
270 280 6
270 370 2
270 260 4
180 171 10
180 80 2
180 179 6
180 190 1
180 170 1
180 280 9
379 479 7
379 380 2
379 369 6
379 389 3
379 279 2
379 378 2
269 169 8
269 268 8
269 279 7
269 369 3
269 259 9
269 270 4
179 79 10
179 178 9
179 189 8
179 169 5
179 180 6
179 279 5
378 478 8
378 379 2
378 368 4
378 388 5
378 278 9
378 377 4
268 168 5
268 267 1
268 278 7
268 368 2
268 258 4
268 269 8
178 78 9
178 177 5
178 188 6
178 168 4
178 179 9
178 278 5
377 477 2
377 378 4
377 367 10
377 387 2
377 277 8
377 376 4
267 167 7
267 266 4
267 277 1
267 367 5
267 257 2
267 268 1
376 476 2
376 377 4
376 366 10
376 386 4
376 276 3
376 375 10
266 166 8
266 265 10
266 276 8
266 366 2
266 256 4
266 267 4
375 475 10
375 376 10
375 365 6
375 385 3
375 275 2
375 374 1
265 165 6
265 264 6
265 275 8
265 365 9
265 255 3
265 266 10
374 474 10
374 375 1
374 364 4
374 384 5
374 274 2
374 373 1
264 164 1
264 263 2
264 274 6
264 364 1
264 254 3
264 265 6
373 473 10
373 374 1
373 363 8
373 383 2
373 273 8
373 372 8
263 163 10
263 262 4
263 273 10
263 363 6
263 253 4
263 264 2
372 472 6
372 373 8
372 362 9
372 382 10
372 272 1
372 371 10
262 162 5
262 261 3
262 272 6
262 362 6
262 252 10
262 263 4
371 380 4
371 471 4
371 372 10
371 361 2
371 381 5
371 271 10
261 270 9
261 161 10
261 271 7
261 361 8
261 251 5
261 262 3
370 361 6
370 470 8
370 360 1
370 380 3
370 270 2
370 369 4
260 251 4
260 160 9
260 259 6
260 270 4
260 360 5
260 250 3
369 469 6
369 370 4
369 359 2
369 379 6
369 269 3
369 368 3
259 159 6
259 258 9
259 269 9
259 359 8
259 249 6
259 260 6
368 468 7
368 369 3
368 358 10
368 378 4
368 268 2
368 367 5
258 158 7
258 257 9
258 268 4
258 358 8
258 248 1
258 259 9
367 467 7
367 368 5
367 357 8
367 377 10
367 267 5
367 366 7
257 157 6
257 256 9
257 267 2
257 357 2
257 247 1
257 258 9
366 466 3
366 367 7
366 356 4
366 376 10
366 266 2
366 365 1
256 156 5
256 255 7
256 266 4
256 356 8
256 246 4
256 257 9
365 465 9
365 366 1
365 355 6
365 375 6
365 265 9
365 364 3
255 155 6
255 254 6
255 265 3
255 355 2
255 245 4
255 256 7
364 464 10
364 365 3
364 354 1
364 374 4
364 264 1
364 363 8
254 154 7
254 253 4
254 264 3
254 354 6
254 244 5
254 255 6
363 463 7
363 364 8
363 353 10
363 373 8
363 263 6
363 362 5
253 153 6
253 252 5
253 263 4
253 353 4
253 243 2
253 254 4
362 462 7
362 363 5
362 352 7
362 372 9
362 262 6
362 361 5
252 152 10
252 251 8
252 262 10
252 352 7
252 242 10
252 253 5
361 370 6
361 461 2
361 362 5
361 351 10
361 371 2
361 261 8
251 260 4
251 151 4
251 261 5
251 351 9
251 241 10
251 252 8
360 351 5
360 460 10
360 350 7
360 370 1
360 260 5
360 359 7
250 241 4
250 150 2
250 249 6
250 260 3
250 350 10
250 240 10
359 459 1
359 360 7
359 349 8
359 369 2
359 259 8
359 358 4
249 149 7
249 248 7
249 259 6
249 349 7
249 239 1
249 250 6
358 458 5
358 359 4
358 348 5
358 368 10
358 258 8
358 357 3
248 148 6
248 247 3
248 258 1
248 348 1
248 238 9
248 249 7
357 457 3
357 358 3
357 347 9
357 367 8
357 257 2
357 356 2
247 147 4
247 246 6
247 257 1
247 347 1
247 237 7
247 248 3
356 456 10
356 357 2
356 346 4
356 366 4
356 256 8
356 355 6
246 146 10
246 245 2
246 256 4
246 346 6
246 236 7
246 247 6
355 455 9
355 356 6
355 345 9
355 365 6
355 255 2
355 354 7
245 145 4
245 244 6
245 255 4
245 345 10
245 235 7
245 246 2
354 454 9
354 355 7
354 344 2
354 364 1
354 254 6
354 353 5
244 144 2
244 243 8
244 254 5
244 344 9
244 234 8
244 245 6
353 453 1
353 354 5
353 343 10
353 363 10
353 253 4
353 352 9
243 143 8
243 242 2
243 253 2
243 343 6
243 233 9
243 244 8
352 452 7
352 353 9
352 342 5
352 362 7
352 252 7
352 351 4
242 142 2
242 241 2
242 252 10
242 342 2
242 232 4
242 243 2
351 360 5
351 451 6
351 352 4
351 341 4
351 361 10
351 251 9
241 250 4
241 141 2
241 251 10
241 341 10
241 231 4
241 242 2
350 341 10
350 450 4
350 340 6
350 360 7
350 250 10
350 349 7
240 231 6
240 140 2
240 239 9
240 250 10
240 340 3
240 230 8
349 449 5
349 350 7
349 339 8
349 359 8
349 249 7
349 348 4
239 139 9
239 238 6
239 249 1
239 339 7
239 229 4
239 240 9
348 448 10
348 349 4
348 338 8
348 358 5
348 248 1
348 347 3
238 138 4
238 237 9
238 248 9
238 338 6
238 228 6
238 239 6
347 447 9
347 348 3
347 337 7
347 357 9
347 247 1
347 346 8
237 137 8
237 236 8
237 247 7
237 337 3
237 227 7
237 238 9
346 446 3
346 347 8
346 336 9
346 356 4
346 246 6
346 345 2
236 136 10
236 235 3
236 246 7
236 336 9
236 226 6
236 237 8
345 445 2
345 346 2
345 335 4
345 355 9
345 245 10
345 344 5
235 135 8
235 234 3
235 245 7
235 335 1
235 225 4
235 236 3
344 444 7
344 345 5
344 334 2
344 354 2
344 244 9
344 343 7
234 134 4
234 233 10
234 244 8
234 334 8
234 224 4
234 235 3
343 443 2
343 344 7
343 333 8
343 353 10
343 243 6
343 342 9
233 133 3
233 232 6
233 243 9
233 333 7
233 223 3
233 234 10
342 442 3
342 343 9
342 332 1
342 352 5
342 242 2
342 341 8
232 132 2
232 231 1
232 242 4
232 332 2
232 222 6
232 233 6
341 350 10
341 441 8
341 342 8
341 331 9
341 351 4
341 241 10
231 240 6
231 131 2
231 241 4
231 331 1
231 221 4
231 232 1
340 331 3
340 440 7
340 330 2
340 350 6
340 240 3
340 339 3
230 221 3
230 130 7
230 229 10
230 240 8
230 330 7
230 220 5
339 439 5
339 340 3
339 329 2
339 349 8
339 239 7
339 338 9
229 129 1
229 228 6
229 239 4
229 329 1
229 219 6
229 230 10
338 438 4
338 339 9
338 328 4
338 348 8
338 238 6
338 337 8
228 128 8
228 227 10
228 238 6
228 328 1
228 218 2
228 229 6
337 437 8
337 338 8
337 327 8
337 347 7
337 237 3
337 336 6
227 127 5
227 226 6
227 237 7
227 327 10
227 217 2
227 228 10
336 436 4
336 337 6
336 326 5
336 346 9
336 236 9
336 335 3
226 126 6
226 225 7
226 236 6
226 326 7
226 216 1
226 227 6
335 435 7
335 336 3
335 325 9
335 345 4
335 235 1
335 334 7
225 125 7
225 224 1
225 235 4
225 325 8
225 215 9
225 226 7
334 434 4
334 335 7
334 324 4
334 344 2
334 234 8
334 333 3
224 124 8
224 223 5
224 234 4
224 324 1
224 214 7
224 225 1
333 433 10
333 334 3
333 323 9
333 343 8
333 233 7
333 332 4
223 123 10
223 222 5
223 233 3
223 323 2
223 213 3
223 224 5
332 432 9
332 333 4
332 322 5
332 342 1
332 232 2
332 331 2
222 122 6
222 221 4
222 232 6
222 322 3
222 212 1
222 223 5
331 340 3
331 431 6
331 332 2
331 321 4
331 341 9
331 231 1
221 230 3
221 121 9
221 231 4
221 321 1
221 211 5
221 222 4
330 321 3
330 430 5
330 320 6
330 340 2
330 230 7
330 329 3
220 211 6
220 120 9
220 219 5
220 230 5
220 320 9
220 210 2
329 429 5
329 330 3
329 319 10
329 339 2
329 229 1
329 328 9
219 119 1
219 218 7
219 229 6
219 319 7
219 209 10
219 220 5
328 428 6
328 329 9
328 318 8
328 338 4
328 228 1
328 327 4
218 118 1
218 217 3
218 228 2
218 318 8
218 208 7
218 219 7
327 427 4
327 328 4
327 317 10
327 337 8
327 227 10
327 326 5
217 117 5
217 216 2
217 227 2
217 317 8
217 207 4
217 218 3
326 426 5
326 327 5
326 316 1
326 336 5
326 226 7
326 325 1
216 116 1
216 215 3
216 226 1
216 316 3
216 206 2
216 217 2
325 425 10
325 326 1
325 315 3
325 335 9
325 225 8
325 324 8
215 115 10
215 214 2
215 225 9
215 315 7
215 205 7
215 216 3
324 424 2
324 325 8
324 314 5
324 334 4
324 224 1
324 323 1
214 114 4
214 213 1
214 224 7
214 314 6
214 204 1
214 215 2
323 423 7
323 324 1
323 313 1
323 333 9
323 223 2
323 322 3
213 113 5
213 212 5
213 223 3
213 313 5
213 203 8
213 214 1
322 422 4
322 323 3
322 312 6
322 332 5
322 222 3
322 321 7
212 112 1
212 211 4
212 222 1
212 312 7
212 202 3
212 213 5
321 330 3
321 421 6
321 322 7
321 311 7
321 331 4
321 221 1
211 220 6
211 111 6
211 221 5
211 311 4
211 201 1
211 212 4
320 311 1
320 420 8
320 310 6
320 330 6
320 220 9
320 319 10
319 419 6
319 320 10
319 309 7
319 329 10
319 219 7
319 318 1
409 499 5
409 509 4
409 410 2
409 419 6
409 309 8
409 408 6
410 510 9
410 500 1
410 401 2
410 420 10
410 310 10
410 409 2
411 420 1
411 511 2
411 412 2
411 401 7
411 421 5
411 311 7
412 512 3
412 413 8
412 402 7
412 422 3
412 312 6
412 411 2
413 513 6
413 414 10
413 403 5
413 423 1
413 313 6
413 412 8
414 514 6
414 415 1
414 404 2
414 424 1
414 314 10
414 413 10
415 515 10
415 416 3
415 405 6
415 425 5
415 315 2
415 414 1
416 516 8
416 417 9
416 406 9
416 426 2
416 316 7
416 415 3
417 517 6
417 418 1
417 407 5
417 427 10
417 317 2
417 416 9
418 518 3
418 419 3
418 408 10
418 428 1
418 318 6
418 417 1
419 519 10
419 420 1
419 409 6
419 429 5
419 319 6
419 418 3
420 411 1
420 520 2
420 410 10
420 430 8
420 320 8
420 419 1
421 430 1
421 521 7
421 422 6
421 411 5
421 431 8
421 321 6
422 522 7
422 423 1
422 412 3
422 432 9
422 322 4
422 421 6
423 523 6
423 424 5
423 413 1
423 433 7
423 323 7
423 422 1
424 524 2
424 425 2
424 414 1
424 434 10
424 324 2
424 423 5
425 525 6
425 426 8
425 415 5
425 435 10
425 325 10
425 424 2
426 526 9
426 427 5
426 416 2
426 436 9
426 326 5
426 425 8
427 527 8
427 428 7
427 417 10
427 437 1
427 327 4
427 426 5
428 528 8
428 429 9
428 418 1
428 438 2
428 328 6
428 427 7
429 529 7
429 430 9
429 419 5
429 439 3
429 329 5
429 428 9
430 421 1
430 530 1
430 420 8
430 440 3
430 330 5
430 429 9
431 440 10
431 531 5
431 432 4
431 421 8
431 441 2
431 331 6
432 532 2
432 433 2
432 422 9
432 442 10
432 332 9
432 431 4
433 533 1
433 434 3
433 423 7
433 443 5
433 333 10
433 432 2
434 534 10
434 435 8
434 424 10
434 444 4
434 334 4
434 433 3
435 535 6
435 436 7
435 425 10
435 445 6
435 335 7
435 434 8
436 536 6
436 437 3
436 426 9
436 446 9
436 336 4
436 435 7
437 537 8
437 438 3
437 427 1
437 447 10
437 337 8
437 436 3
438 538 9
438 439 4
438 428 2
438 448 5
438 338 4
438 437 3
439 539 5
439 440 6
439 429 3
439 449 3
439 339 5
439 438 4
440 431 10
440 540 8
440 430 3
440 450 4
440 340 7
440 439 6
441 450 10
441 541 8
441 442 9
441 431 2
441 451 3
441 341 8
442 542 6
442 443 6
442 432 10
442 452 8
442 342 3
442 441 9
443 543 3
443 444 6
443 433 5
443 453 1
443 343 2
443 442 6
444 544 6
444 445 8
444 434 4
444 454 4
444 344 7
444 443 6
