125
750
45 70 1
45 50 2
45 20 9
45 40 6
45 41 9
45 44 9
44 69 4
44 49 2
44 45 9
44 19 10
44 39 2
44 43 5
43 68 4
43 48 8
43 44 5
43 18 4
43 38 10
43 42 8
1 5 5
1 6 8
1 21 6
1 26 3
1 2 10
1 101 10
46 71 2
46 50 5
46 47 8
46 21 9
46 26 4
46 41 2
2 27 5
2 1 10
2 7 2
2 22 10
2 3 6
2 102 8
23 48 3
23 18 8
23 3 8
23 22 3
23 24 2
23 123 7
24 49 6
24 19 9
24 23 2
24 4 6
24 124 10
24 25 6
25 50 2
25 20 3
25 24 6
25 125 9
25 5 8
25 21 5
3 23 8
3 2 6
3 28 3
3 8 6
3 4 2
3 103 9
26 51 1
26 46 4
26 27 4
26 1 3
26 30 7
26 31 4
4 24 6
4 3 2
4 9 4
4 29 3
4 5 1
4 104 10
27 52 3
27 47 10
27 2 5
27 26 4
27 28 6
27 32 3
5 1 5
5 4 1
5 10 7
5 25 8
5 30 5
5 105 1
28 53 1
28 48 2
28 27 6
28 3 3
28 29 8
28 33 4
6 1 8
6 10 9
6 11 3
6 31 2
6 7 5
6 106 5
29 54 10
29 49 8
29 4 3
29 28 8
29 30 4
29 34 4
33 58 5
33 38 7
33 28 4
33 8 2
33 32 7
33 34 1
7 2 2
7 6 5
7 12 7
7 32 10
7 8 1
7 107 8
30 55 4
30 50 8
30 5 5
30 29 4
30 26 7
30 35 5
34 59 9
34 39 5
34 29 4
34 9 3
34 33 1
34 35 5
35 60 3
35 40 1
35 30 5
35 31 7
35 10 6
35 34 5
8 7 1
8 3 6
8 13 1
8 33 2
8 9 8
8 108 10
21 46 9
21 1 6
21 16 2
21 25 5
21 121 10
21 22 4
31 56 2
31 6 2
31 26 4
31 32 2
31 35 7
31 36 8
41 66 7
41 46 2
41 45 9
41 42 9
41 16 8
41 36 10
9 4 4
9 8 8
9 14 10
9 34 3
9 10 10
9 109 9
13 38 5
13 18 7
13 8 1
13 12 6
13 14 4
13 113 3
19 44 10
19 14 1
19 18 7
19 24 9
19 20 10
19 119 7
64 69 9
64 65 4
64 39 6
64 59 7
64 63 8
64 89 1
84 59 2
84 109 1
84 79 10
84 83 8
84 85 5
84 89 7
65 70 10
65 40 9
65 60 4
65 61 4
65 64 4
65 90 8
85 60 4
85 110 9
85 80 2
85 81 6
85 84 5
85 90 1
66 71 8
66 70 10
66 67 9
66 41 7
66 61 8
66 91 6
86 61 8
86 111 5
86 81 2
86 87 2
86 90 4
86 91 5
114 115 8
114 119 1
114 109 2
114 89 4
114 113 7
114 14 9
17 42 4
17 22 9
17 12 3
17 16 6
17 117 4
17 18 1
67 68 6
67 42 5
67 62 1
67 66 9
67 72 6
67 92 4
87 62 7
87 112 10
87 82 3
87 86 2
87 88 8
87 92 1
115 90 6
115 110 9
115 111 5
115 120 5
115 15 9
115 114 8
18 43 4
18 13 7
18 17 1
18 23 8
18 19 7
18 118 7
68 69 1
68 43 4
68 63 10
68 67 6
68 73 2
68 93 2
88 63 10
88 113 3
88 83 9
88 87 8
88 89 5
88 93 6
116 117 6
116 16 4
116 91 2
116 111 1
116 120 1
116 121 8
69 70 6
69 44 4
69 64 9
69 68 1
69 74 2
69 94 5
89 64 1
89 114 4
89 84 7
89 88 5
89 90 4
89 94 10
117 92 1
117 112 2
117 118 5
117 122 10
117 17 4
117 116 6
20 45 9
20 15 10
20 16 1
20 19 10
20 25 3
20 120 3
70 45 1
70 65 10
70 66 10
70 69 6
70 75 7
70 95 6
90 65 8
90 115 6
90 85 1
90 86 4
90 89 4
90 95 6
118 93 3
118 113 3
118 117 5
118 18 7
118 119 10
118 123 7
71 46 2
71 51 7
71 66 8
71 72 4
71 75 7
71 96 8
91 66 6
91 116 2
91 86 5
91 92 1
91 95 3
91 96 4
94 69 5
94 119 10
94 89 10
94 93 5
94 95 2
94 99 7
98 123 4
98 73 5
98 78 4
98 93 10
98 97 7
98 99 10
80 55 8
80 105 2
80 76 9
80 79 8
80 85 2
80 100 10
95 70 6
95 120 1
95 90 6
95 91 3
95 94 2
95 100 3
119 120 2
119 124 3
119 94 10
119 114 1
119 19 7
119 118 10
22 47 4
22 2 10
22 21 4
22 17 9
22 23 3
22 122 3
72 71 4
72 67 6
72 52 6
72 47 1
72 73 5
72 97 5
96 71 8
96 121 10
96 76 10
96 91 4
96 97 3
96 100 1
120 116 1
120 115 5
120 95 1
120 20 3
120 119 2
120 125 4
73 68 2
73 53 10
73 48 3
73 72 5
73 74 9
73 98 5
99 124 2
99 74 7
99 79 6
99 94 7
99 98 10
99 100 3
75 71 7
75 70 7
75 55 6
75 50 2
75 74 2
75 100 1
122 117 10
122 102 1
122 123 3
122 97 6
122 121 1
122 22 3
78 53 2
78 103 7
78 77 2
78 79 6
78 83 7
78 98 4
125 120 4
125 121 8
125 100 6
125 105 7
125 124 10
125 25 9
79 54 9
79 104 1
79 78 6
79 80 8
79 84 10
79 99 6
100 125 6
100 75 1
100 80 10
100 95 3
100 96 1
100 99 3
76 51 2
76 101 10
76 77 9
76 80 9
76 81 1
76 96 10
123 124 1
123 103 3
123 118 7
123 98 4
123 23 7
123 122 3
124 99 2
124 104 1
124 119 3
124 125 10
124 24 10
124 123 1
77 52 9
77 102 10
77 76 9
77 78 2
77 82 9
77 97 5
121 116 8
121 21 10
121 96 10
121 101 2
121 122 1
121 125 8
74 69 2
74 54 2
74 49 3
74 73 9
74 75 2
74 99 7
97 122 6
97 72 5
97 77 5
97 92 1
97 96 3
97 98 7
93 68 2
93 118 3
93 88 6
93 92 4
93 94 5
93 98 10
92 67 4
92 117 1
92 87 1
92 91 1
92 93 4
92 97 1
113 118 3
113 108 1
113 88 3
113 13 3
113 112 10
113 114 7
16 41 8
16 20 1
16 21 2
16 11 4
16 116 4
16 17 6
83 58 4
83 108 10
83 78 7
83 82 3
83 84 8
83 88 9
63 68 10
63 64 8
63 38 10
63 58 9
63 62 6
63 88 10
112 117 2
112 107 10
112 113 10
112 87 10
112 12 5
112 111 7
15 40 5
15 20 10
15 115 9
15 10 7
15 11 2
15 14 8
82 57 8
82 107 4
82 77 9
82 81 10
82 83 3
82 87 3
62 67 1
62 63 6
62 37 4
62 57 5
62 61 5
62 87 7
111 116 1
111 115 5
111 106 6
111 11 9
111 86 5
111 112 7
14 39 6
14 19 1
14 9 10
14 13 4
14 15 8
14 114 9
81 56 8
81 106 8
81 76 1
81 82 10
81 85 6
81 86 2
61 66 8
61 65 4
61 62 5
61 36 4
61 56 7
61 86 8
110 115 9
110 105 6
110 106 7
110 85 9
110 10 1
110 109 1
60 65 4
60 35 3
60 55 3
60 56 3
60 59 6
60 85 4
109 104 5
109 84 1
109 9 9
109 108 7
109 110 1
109 114 2
12 7 7
12 11 2
12 17 3
12 37 7
12 13 6
12 112 5
59 64 7
59 60 6
59 34 9
59 54 10
59 58 5
59 84 2
108 103 9
108 83 10
108 8 10
108 107 7
108 109 7
108 113 1
11 6 3
11 15 2
11 16 4
11 36 2
11 12 2
11 111 9
58 63 9
58 59 5
58 33 5
58 53 6
58 57 2
58 83 4
107 102 7
107 82 4
107 7 8
107 106 10
107 108 7
107 112 10
10 5 7
10 6 9
10 9 10
10 15 7
10 35 6
10 110 1
57 62 5
57 58 2
57 32 6
57 52 9
57 56 1
57 82 8
106 101 3
106 6 5
106 81 8
106 107 10
106 110 7
106 111 6
56 61 7
56 60 3
56 57 1
56 31 2
56 51 10
56 81 8
105 101 5
105 125 7
105 80 2
105 104 9
105 5 1
105 110 6
55 60 3
55 30 4
55 51 7
55 54 5
55 75 6
55 80 8
104 124 1
104 79 1
104 4 10
104 103 8
104 105 9
104 109 5
54 59 10
54 55 5
54 29 10
54 53 3
54 74 2
54 79 9
103 104 8
103 78 7
103 108 9
103 123 3
103 102 9
103 3 9
53 58 6
53 54 3
53 28 1
53 52 9
53 73 10
53 78 2
102 77 10
102 2 8
102 101 8
102 103 9
102 107 7
102 122 1
52 57 9
52 53 9
52 27 3
52 51 7
52 72 6
52 77 9
101 121 2
101 1 10
101 76 10
101 102 8
101 105 5
101 106 3
51 71 7
51 56 10
51 55 7
51 52 7
51 26 1
51 76 2
50 25 2
50 30 8
50 45 2
50 46 5
50 49 8
50 75 2
49 50 8
49 24 6
49 29 8
49 44 2
49 48 3
49 74 3
48 49 3
48 23 3
48 28 2
48 43 8
48 47 4
48 73 3
47 48 4
47 22 4
47 27 10
47 42 10
47 46 8
47 72 1
40 65 9
40 45 6
40 15 5
40 35 1
40 36 7
40 39 9
37 62 4
37 42 6
37 38 7
37 32 5
37 12 7
37 36 4
42 67 5
42 47 10
42 43 8
42 17 4
42 37 6
42 41 9
38 63 10
38 43 10
38 39 7
38 13 5
38 33 7
38 37 7
36 61 4
36 41 10
36 40 7
36 31 8
36 11 2
36 37 4
32 57 6
32 27 3
32 7 10
32 31 2
32 33 7
32 37 5
39 64 6
39 44 2
39 40 9
39 14 6
39 34 5
39 38 7
